0 0.3720703125 0.6376953125 0.068359375 0.080078125
0 0.4384765625 0.6650390625 0.076171875 0.072265625
0 0.3017578125 0.6298828125 0.076171875 0.099609375
0 0.5615234375 0.63671875 0.037109375 0.10546875
0 0.3427734375 0.77734375 0.095703125 0.12109375
0 0.5849609375 0.7978515625 0.044921875 0.064453125
0 0.6396484375 0.810546875 0.072265625 0.13671875
0 0.2197265625 0.9443359375 0.076171875 0.064453125
0 0.263671875 0.978515625 0.15625 0.04296875
0 0.609375 0.9580078125 0.0546875 0.056640625
0 0.7646484375 0.02734375 0.146484375 0.0546875
0 0.8134765625 0.1005859375 0.154296875 0.095703125
0 0.8291015625 0.1962890625 0.158203125 0.126953125
0 0.841796875 0.3798828125 0.12890625 0.119140625
0 0.84765625 0.2802734375 0.15234375 0.080078125
0 0.9921875 0.3779296875 0.015625 0.193359375
0 0.939453125 0.4580078125 0.12109375 0.142578125
0 0.931640625 0.931640625 0.13671875 0.13671875