0 0.9716796875 0.015625 0.056640625 0.03125
0 0.4658203125 0.2568359375 0.041015625 0.052734375
0 0.07421875 0.3134765625 0.06640625 0.068359375
0 0.181640625 0.294921875 0.06640625 0.06640625
0 0.0107421875 0.3291015625 0.021484375 0.044921875
0 0.9462890625 0.6201171875 0.044921875 0.037109375
0 0.736328125 0.7607421875 0.08984375 0.087890625
0 0.625 0.310546875 0.0625 0.078125
0 0.580078125 0.31640625 0.046875 0.05859375
0 0.9345703125 0.7861328125 0.083984375 0.064453125
0 0.9375 0.8740234375 0.125 0.162109375