0 0.3115234375 0.06640625 0.052734375 0.05859375
0 0.4189453125 0.0654296875 0.060546875 0.056640625
0 0.4716796875 0.3349609375 0.048828125 0.052734375
0 0.779296875 0.26171875 0.2578125 0.2109375
0 0.92578125 0.576171875 0.1484375 0.28515625
0 0.8076171875 0.4794921875 0.244140625 0.236328125
0 0.4853515625 0.4423828125 0.033203125 0.044921875
0 0.5166015625 0.5419921875 0.134765625 0.142578125
0 0.5302734375 0.6484375 0.068359375 0.0625
0 0.4482421875 0.9970703125 0.076171875 0.005859375
0 0.5068359375 1.0 0.041015625 0.0
0 0.59765625 0.947265625 0.10546875 0.10546875
0 0.9072265625 0.98828125 0.185546875 0.0234375