0 0.6220703125 0.064453125 0.115234375 0.125
0 0.2099609375 0.072265625 0.033203125 0.03515625
0 0.4375 0.013671875 0.04296875 0.02734375
0 0.4560546875 0.1064453125 0.025390625 0.048828125
0 0.3017578125 0.2666015625 0.123046875 0.150390625
0 0.861328125 0.203125 0.09765625 0.0859375
0 0.87109375 0.37890625 0.07421875 0.07421875
0 0.9833984375 0.7099609375 0.033203125 0.091796875
0 0.79296875 0.7734375 0.125 0.1875
0 0.5048828125 0.701171875 0.064453125 0.06640625
0 0.4375 0.4638671875 0.29296875 0.298828125
0 0.2666015625 0.4658203125 0.111328125 0.169921875
0 0.1455078125 0.5400390625 0.259765625 0.216796875
0 0.0380859375 0.576171875 0.076171875 0.28515625
0 0.048828125 0.98828125 0.09765625 0.0234375