0 0.216796875 0.0380859375 0.25390625 0.076171875
0 0.548828125 0.21875 0.33203125 0.2734375
0 0.91015625 0.140625 0.1796875 0.25390625
0 0.9951171875 0.0576171875 0.009765625 0.115234375
0 0.9970703125 0.3876953125 0.005859375 0.064453125
0 0.8974609375 0.419921875 0.068359375 0.0546875
0 0.8935546875 0.376953125 0.080078125 0.05859375
0 0.794921875 0.384765625 0.14453125 0.16015625
0 0.673828125 0.4130859375 0.140625 0.158203125
0 0.44921875 0.490234375 0.13671875 0.1171875
0 0.0576171875 0.580078125 0.041015625 0.01953125
0 0.0341796875 0.7099609375 0.068359375 0.091796875