0 0.0361328125 0.140625 0.072265625 0.25390625
0 0.09375 0.0576171875 0.1875 0.115234375
0 0.4248046875 0.08203125 0.244140625 0.1640625
0 0.5185546875 0.1494140625 0.154296875 0.119140625
0 0.6875 0.1337890625 0.18359375 0.166015625
0 0.802734375 0.125 0.1796875 0.16015625
0 0.919921875 0.025390625 0.16015625 0.05078125
0 0.435546875 0.3349609375 0.10546875 0.076171875
0 0.92578125 0.5517578125 0.1484375 0.177734375
0 0.3564453125 0.3857421875 0.111328125 0.107421875
0 0.54296875 0.6162109375 0.11328125 0.107421875
0 0.146484375 0.376953125 0.14453125 0.09375
0 0.17578125 0.4697265625 0.1640625 0.123046875
0 0.4345703125 0.7041015625 0.255859375 0.166015625
0 0.4375 0.8349609375 0.109375 0.095703125
0 0.03125 0.3876953125 0.0625 0.064453125
0 0.482421875 0.9755859375 0.0625 0.048828125
0 0.2705078125 0.9521484375 0.115234375 0.095703125
0 0.19921875 0.9833984375 0.15625 0.033203125