0 0.013671875 0.025390625 0.02734375 0.05078125
0 0.44140625 0.0224609375 0.26171875 0.044921875
0 0.5126953125 0.0830078125 0.201171875 0.146484375
0 0.666015625 0.0556640625 0.10546875 0.111328125
0 0.6787109375 0.0029296875 0.177734375 0.005859375
0 0.869140625 0.005859375 0.10546875 0.01171875
0 0.9267578125 0.796875 0.146484375 0.296875
0 0.9638671875 0.623046875 0.072265625 0.09375
0 0.8994140625 0.6728515625 0.111328125 0.107421875
0 0.8486328125 0.7578125 0.080078125 0.078125
0 0.8115234375 0.7041015625 0.072265625 0.076171875
0 0.9130859375 0.982421875 0.064453125 0.03515625
0 0.9765625 0.978515625 0.046875 0.04296875
0 0.8681640625 0.87109375 0.076171875 0.09375
0 0.5390625 0.78125 0.1015625 0.09765625
0 0.42578125 0.7451171875 0.11328125 0.064453125
0 0.439453125 0.8134765625 0.12890625 0.080078125
0 0.4541015625 0.9462890625 0.107421875 0.095703125
0 0.2705078125 0.7958984375 0.095703125 0.099609375
0 0.2509765625 0.9677734375 0.126953125 0.064453125
0 0.1962890625 0.2412109375 0.041015625 0.037109375
0 0.1796875 0.3369140625 0.0625 0.072265625
0 0.02734375 0.5517578125 0.0546875 0.177734375