0 0.13671875 0.048828125 0.25 0.09765625
0 0.1591796875 0.1396484375 0.251953125 0.177734375
0 0.19140625 0.2734375 0.22265625 0.18359375
0 0.4169921875 0.45703125 0.291015625 0.33203125
0 0.5458984375 0.73046875 0.205078125 0.21484375
0 0.255859375 0.7724609375 0.09765625 0.107421875
0 0.345703125 0.83984375 0.05859375 0.0625
0 0.8662109375 0.7158203125 0.142578125 0.072265625
0 0.8486328125 0.7724609375 0.095703125 0.068359375
0 0.90625 0.787109375 0.1171875 0.10546875
0 0.9609375 0.9345703125 0.04296875 0.025390625
0 0.9208984375 0.9638671875 0.068359375 0.072265625
0 0.923828125 0.9970703125 0.05078125 0.005859375
0 0.7763671875 0.4130859375 0.302734375 0.298828125
0 0.8681640625 0.3095703125 0.263671875 0.298828125
0 0.9443359375 0.3740234375 0.111328125 0.337890625
0 0.8125 0.6279296875 0.15625 0.126953125