0 0.046875 0.0615234375 0.0546875 0.048828125
0 0.068359375 0.0283203125 0.04296875 0.033203125
0 0.1025390625 0.052734375 0.041015625 0.0390625
0 0.1279296875 0.0234375 0.041015625 0.03515625
0 0.0654296875 0.224609375 0.130859375 0.2890625
0 0.0224609375 0.6396484375 0.044921875 0.138671875
0 0.046875 0.501953125 0.09375 0.1171875
0 0.1591796875 0.3798828125 0.181640625 0.134765625
0 0.2783203125 0.3525390625 0.162109375 0.166015625
0 0.40234375 0.337890625 0.14453125 0.12890625
0 0.14453125 0.541015625 0.1171875 0.125
0 0.2392578125 0.5439453125 0.080078125 0.083984375
0 0.310546875 0.53125 0.1015625 0.10546875
0 0.4013671875 0.515625 0.123046875 0.109375
0 0.337890625 0.6201171875 0.0625 0.060546875
0 0.400390625 0.609375 0.0703125 0.05078125
0 0.427734375 0.646484375 0.0703125 0.05078125
0 0.37890625 0.6669921875 0.05859375 0.060546875
0 0.1904296875 0.0458984375 0.048828125 0.037109375
0 0.2890625 0.1279296875 0.04296875 0.041015625
0 0.3837890625 0.11328125 0.041015625 0.0390625
0 0.736328125 0.123046875 0.29296875 0.24609375
0 0.92578125 0.09375 0.1484375 0.1875
0 0.96484375 0.2734375 0.0703125 0.10546875
0 0.984375 0.40234375 0.03125 0.125
0 0.859375 0.46875 0.09375 0.0859375
0 0.6943359375 0.4873046875 0.060546875 0.056640625
0 0.0576171875 0.9453125 0.115234375 0.109375
0 0.36328125 0.98046875 0.08984375 0.0390625
0 0.2177734375 0.994140625 0.142578125 0.01171875