0 0.2060546875 0.14453125 0.095703125 0.09375
0 0.109375 0.2353515625 0.0546875 0.044921875
0 0.1572265625 0.3125 0.056640625 0.04296875
0 0.2275390625 0.041015625 0.099609375 0.08203125
0 0.3251953125 0.0419921875 0.107421875 0.083984375
0 0.421875 0.0283203125 0.10546875 0.056640625
0 0.556640625 0.10546875 0.04296875 0.04296875
0 0.7099609375 0.0654296875 0.072265625 0.068359375
0 0.7744140625 0.0302734375 0.060546875 0.056640625
0 0.8408203125 0.0380859375 0.064453125 0.072265625
0 0.9287109375 0.0439453125 0.044921875 0.044921875
0 0.8701171875 0.2568359375 0.048828125 0.044921875
0 0.9228515625 0.4306640625 0.107421875 0.103515625
0 0.9013671875 0.6025390625 0.138671875 0.162109375
0 0.96484375 0.5625 0.0703125 0.109375
0 0.755859375 1.0 0.0625 0.0
0 0.1416015625 0.7451171875 0.064453125 0.064453125
0 0.365234375 0.6884765625 0.11328125 0.111328125
0 0.46875 0.7685546875 0.05859375 0.044921875
0 0.388671875 0.6240234375 0.06640625 0.064453125
0 0.3408203125 0.8154296875 0.064453125 0.056640625
0 0.412109375 0.89453125 0.08203125 0.0859375
0 0.0810546875 0.693359375 0.060546875 0.0546875
0 0.3603515625 0.4267578125 0.048828125 0.044921875