0 0.1083984375 0.3955078125 0.087890625 0.080078125
0 0.2548828125 0.3603515625 0.048828125 0.044921875
0 0.34765625 0.330078125 0.0859375 0.0625
0 0.4580078125 0.326171875 0.044921875 0.0546875
0 0.4736328125 0.404296875 0.083984375 0.08984375
0 0.541015625 0.451171875 0.12109375 0.1171875
0 0.0185546875 0.5625 0.037109375 0.109375
0 0.1201171875 0.6943359375 0.166015625 0.154296875
0 0.1123046875 0.8154296875 0.138671875 0.087890625
0 0.6787109375 0.4189453125 0.083984375 0.048828125
0 0.9306640625 0.3466796875 0.115234375 0.126953125
0 0.943359375 0.533203125 0.11328125 0.21484375
0 0.9228515625 0.6796875 0.138671875 0.1796875
0 0.984375 0.68359375 0.03125 0.125
0 0.947265625 0.931640625 0.10546875 0.13671875
0 0.8681640625 0.978515625 0.134765625 0.04296875