0 0.2939453125 0.2783203125 0.115234375 0.107421875
0 0.146484375 0.1611328125 0.29296875 0.322265625
0 0.009765625 0.6796875 0.01953125 0.06640625
0 0.03515625 0.4775390625 0.0703125 0.091796875
0 0.3427734375 0.4326171875 0.134765625 0.138671875
0 0.35546875 0.7158203125 0.07421875 0.076171875
0 0.359375 0.7880859375 0.12109375 0.103515625
0 0.560546875 0.474609375 0.05078125 0.05078125
0 0.53515625 0.5263671875 0.04296875 0.052734375
0 0.5439453125 0.599609375 0.044921875 0.05078125
0 0.5498046875 0.6767578125 0.060546875 0.068359375
0 0.6171875 0.4619140625 0.06640625 0.048828125
0 0.68359375 0.4541015625 0.046875 0.048828125
0 0.9140625 0.9013671875 0.171875 0.197265625