0 0.9208984375 0.0009765625 0.068359375 0.001953125
0 0.923828125 0.0166015625 0.05078125 0.033203125
0 0.9375 0.08203125 0.078125 0.08984375
0 0.9111328125 0.2392578125 0.107421875 0.103515625
0 0.771484375 0.25390625 0.02734375 0.03125
0 0.7021484375 0.2783203125 0.044921875 0.048828125
0 0.6484375 0.150390625 0.046875 0.0546875
0 0.2724609375 0.2080078125 0.142578125 0.115234375
0 0.287109375 0.3466796875 0.25390625 0.177734375
0 0.3115234375 0.513671875 0.294921875 0.2421875
0 0.3583984375 0.763671875 0.318359375 0.2890625
0 0.4404296875 0.931640625 0.177734375 0.13671875
0 0.16015625 0.962890625 0.22265625 0.07421875
0 0.095703125 0.8896484375 0.19140625 0.103515625
0 0.203125 0.6474609375 0.0 0.220703125
0 0.0361328125 0.138671875 0.072265625 0.08984375
0 0.0654296875 0.3916015625 0.091796875 0.099609375
0 0.7998046875 0.455078125 0.083984375 0.0703125
0 0.9169921875 0.5224609375 0.076171875 0.064453125
0 0.8837890625 0.447265625 0.052734375 0.05859375
0 0.91015625 0.5869140625 0.09765625 0.060546875
0 0.9375 0.6708984375 0.10546875 0.099609375
0 0.923828125 0.759765625 0.06640625 0.0859375
0 0.9970703125 0.8310546875 0.005859375 0.033203125
0 0.966796875 0.857421875 0.06640625 0.0703125
0 0.91015625 0.904296875 0.03515625 0.03515625
0 0.96484375 0.9619140625 0.0703125 0.076171875
0 0.53515625 0.341796875 0.05859375 0.0390625