0 0.9755859375 0.7294921875 0.048828125 0.291015625
0 1.0 0.0048828125 0.0 0.009765625
0 0.98828125 0.140625 0.0234375 0.140625
0 0.9404296875 0.181640625 0.119140625 0.09765625
0 0.685546875 0.224609375 0.0390625 0.02734375
0 0.58203125 0.2470703125 0.08203125 0.060546875
0 0.48828125 0.2578125 0.0625 0.04296875
0 0.283203125 0.2822265625 0.13671875 0.189453125
0 0.5283203125 0.376953125 0.037109375 0.0234375
0 0.5888671875 0.353515625 0.052734375 0.0546875
0 0.013671875 0.8310546875 0.02734375 0.033203125
0 0.001953125 0.857421875 0.00390625 0.0703125
0 0.06640625 0.9619140625 0.1328125 0.076171875
0 0.4443359375 0.912109375 0.201171875 0.17578125
0 0.5390625 0.533203125 0.07421875 0.12109375
0 0.935546875 0.845703125 0.04296875 0.04296875
0 0.7978515625 0.87109375 0.064453125 0.0703125
0 0.8955078125 1.0 0.208984375 0.0
0 0.9677734375 0.9794921875 0.064453125 0.041015625