0 0.9677734375 0.5849609375 0.064453125 0.099609375
0 0.955078125 0.634765625 0.08984375 0.09375
0 0.875 0.6201171875 0.1015625 0.068359375
0 0.9267578125 0.48828125 0.146484375 0.19921875
0 0.8076171875 0.5927734375 0.052734375 0.033203125
0 0.9677734375 0.7490234375 0.064453125 0.126953125
0 0.875 0.7265625 0.12109375 0.15234375
0 0.724609375 0.7431640625 0.19140625 0.216796875
0 0.5986328125 0.6787109375 0.064453125 0.060546875
0 0.5458984375 0.7001953125 0.095703125 0.087890625
0 0.4970703125 0.724609375 0.072265625 0.109375
0 0.4208984375 0.708984375 0.060546875 0.0625
0 0.28515625 0.763671875 0.171875 0.15234375
0 0.0986328125 0.7294921875 0.197265625 0.291015625
0 0.0498046875 0.5380859375 0.044921875 0.041015625
0 0.4287109375 0.4609375 0.037109375 0.03515625
0 0.5166015625 0.51953125 0.029296875 0.03125
0 0.37109375 0.5625 0.05078125 0.05859375
0 0.400390625 0.376953125 0.09765625 0.10546875
0 0.0576171875 0.0048828125 0.115234375 0.009765625
0 0.36328125 0.0224609375 0.08984375 0.044921875
0 0.2177734375 0.0556640625 0.142578125 0.111328125
0 0.1123046875 0.07421875 0.119140625 0.11328125
0 0.052734375 0.140625 0.10546875 0.140625
0 0.0068359375 0.181640625 0.013671875 0.09765625
0 0.0078125 1.0 0.015625 0.0
0 0.1162109375 0.9794921875 0.232421875 0.041015625
0 0.4375 0.9287109375 0.3671875 0.142578125
0 0.99609375 0.935546875 0.0078125 0.046875