0 0.373046875 0.013671875 0.22265625 0.02734375
0 0.3896484375 0.0615234375 0.060546875 0.060546875
0 0.1650390625 0.08984375 0.076171875 0.06640625
0 0.2890625 0.15234375 0.06640625 0.0703125
0 0.97265625 0.0966796875 0.0546875 0.052734375
0 0.810546875 0.041015625 0.0546875 0.046875
0 0.7607421875 0.0498046875 0.056640625 0.052734375
0 0.7099609375 0.04296875 0.044921875 0.05078125
0 0.4462890625 0.3125 0.220703125 0.17578125
0 0.1025390625 0.447265625 0.072265625 0.04296875
0 0.1044921875 0.4921875 0.076171875 0.05859375
0 0.1201171875 0.56640625 0.072265625 0.08203125
0 0.3828125 0.45703125 0.05859375 0.046875
0 0.3876953125 0.521484375 0.076171875 0.06640625
0 0.3544921875 0.576171875 0.095703125 0.078125
0 0.2900390625 0.6015625 0.099609375 0.08203125
0 0.0205078125 0.5849609375 0.041015625 0.099609375
0 0.0576171875 0.5810546875 0.072265625 0.068359375
0 0.0087890625 0.634765625 0.017578125 0.09375
0 0.013671875 0.48828125 0.02734375 0.19921875
0 0.1787109375 0.7119140625 0.173828125 0.177734375
0 0.0361328125 0.7490234375 0.072265625 0.126953125
0 0.0185546875 0.935546875 0.037109375 0.046875
0 0.0859375 0.9140625 0.04296875 0.04296875
0 0.107421875 0.9873046875 0.10546875 0.025390625
0 0.0400390625 0.994140625 0.044921875 0.01171875
0 0.2333984375 0.91796875 0.044921875 0.06640625
0 0.537109375 0.9794921875 0.1328125 0.041015625
0 0.748046875 0.9619140625 0.11328125 0.076171875
0 0.7587890625 0.42578125 0.103515625 0.09765625
0 0.9072265625 0.466796875 0.060546875 0.04296875
0 0.947265625 0.46484375 0.02734375 0.0234375
0 0.9814453125 0.4619140625 0.037109375 0.029296875
0 0.8544921875 0.5341796875 0.068359375 0.068359375
0 0.8818359375 0.7919921875 0.103515625 0.107421875
0 0.97265625 0.7685546875 0.0546875 0.134765625