0 0.755859375 0.0478515625 0.0625 0.095703125
0 0.8896484375 0.126953125 0.099609375 0.10546875
0 0.880859375 0.2236328125 0.09375 0.103515625
0 0.94921875 0.232421875 0.1015625 0.13671875
0 0.994140625 0.36328125 0.01171875 0.2109375
0 0.4375 0.1416015625 0.18359375 0.220703125
0 0.4091796875 0.2333984375 0.166015625 0.099609375
0 0.36328125 0.3408203125 0.1328125 0.130859375
0 0.4892578125 0.328125 0.103515625 0.12890625
0 0.576171875 0.4033203125 0.03515625 0.037109375
0 0.3173828125 0.443359375 0.029296875 0.03125
0 0.5400390625 0.4130859375 0.072265625 0.072265625
0 0.44921875 0.4208984375 0.0625 0.068359375
0 0.3544921875 0.44921875 0.056640625 0.0546875
0 0.0068359375 0.0966796875 0.013671875 0.052734375
0 0.0 0.4619140625 0.0 0.029296875
0 0.0224609375 0.4580078125 0.029296875 0.025390625
0 0.0712890625 0.4921875 0.072265625 0.05859375
0 0.03125 0.7685546875 0.0625 0.134765625
0 0.099609375 0.7509765625 0.109375 0.134765625
0 0.203125 0.7353515625 0.11328125 0.123046875
0 0.322265625 0.7236328125 0.11328125 0.103515625
0 0.876953125 0.6513671875 0.109375 0.146484375
0 0.9443359375 0.634765625 0.111328125 0.1796875