0 0.947265625 0.0546875 0.10546875 0.109375
0 0.8681640625 0.0419921875 0.134765625 0.083984375
0 0.802734375 0.09375 0.10546875 0.08984375
0 0.8603515625 0.197265625 0.138671875 0.15234375
0 0.734375 0.2109375 0.0703125 0.07421875
0 0.1826171875 0.1513671875 0.076171875 0.091796875
0 0.01171875 0.232421875 0.0234375 0.13671875
0 0.1025390625 0.36328125 0.205078125 0.2109375
0 0.26171875 0.3271484375 0.2109375 0.193359375
0 0.0126953125 0.634765625 0.025390625 0.1796875
0 0.15234375 0.5810546875 0.21484375 0.224609375
0 0.3046875 0.5654296875 0.13671875 0.158203125