0 0.9990234375 0.263671875 0.001953125 0.05859375
0 0.943359375 0.37109375 0.046875 0.0625
0 0.658203125 0.3251953125 0.09375 0.083984375
0 0.5185546875 0.3447265625 0.095703125 0.076171875
0 0.4814453125 0.0888671875 0.076171875 0.052734375
0 0.56640625 0.0888671875 0.0703125 0.060546875
0 0.6806640625 0.072265625 0.083984375 0.0546875
0 0.2763671875 0.009765625 0.048828125 0.01953125
0 0.091796875 0.0546875 0.18359375 0.109375
0 0.3583984375 0.5673828125 0.068359375 0.072265625
0 0.46875 0.6240234375 0.05078125 0.052734375
0 0.37890625 0.751953125 0.12109375 0.125
0 0.154296875 0.794921875 0.1171875 0.11328125
0 0.0693359375 0.8271484375 0.072265625 0.064453125
0 0.212890625 1.0 0.09765625 0.0
0 0.4208984375 0.978515625 0.130859375 0.04296875
0 0.9072265625 0.7685546875 0.021484375 0.021484375
0 0.908203125 0.7900390625 0.02734375 0.021484375