0 0.025390625 0.0 0.03515625 0.0
0 0.8759765625 0.1708984375 0.052734375 0.052734375
0 0.986328125 0.0986328125 0.02734375 0.076171875
0 0.6474609375 0.162109375 0.107421875 0.1015625
0 0.50390625 0.19140625 0.0703125 0.06640625
0 0.578125 0.283203125 0.0546875 0.0546875
0 0.6435546875 0.267578125 0.052734375 0.0625
0 0.21484375 0.21484375 0.1796875 0.1484375
0 0.03125 0.263671875 0.0625 0.05859375
0 0.1083984375 0.40234375 0.080078125 0.1328125
0 0.9619140625 0.71875 0.076171875 0.1171875
0 0.91015625 0.8037109375 0.0546875 0.060546875
0 0.771484375 0.8955078125 0.08984375 0.099609375
0 0.666015625 0.7265625 0.05859375 0.07421875
0 0.439453125 0.8388671875 0.125 0.150390625
0 0.6630859375 0.5908203125 0.025390625 0.033203125
0 0.671875 0.6328125 0.01953125 0.03515625
0 0.4140625 0.5927734375 0.03125 0.029296875
0 0.3662109375 0.5234375 0.033203125 0.0390625
0 0.8701171875 0.5078125 0.048828125 0.046875