0 0.71875 0.0712890625 0.05859375 0.056640625
0 0.5146484375 0.0146484375 0.068359375 0.029296875
0 0.5009765625 0.11328125 0.060546875 0.05078125
0 0.3486328125 0.0390625 0.083984375 0.078125
0 0.517578125 0.166015625 0.0703125 0.0625
0 0.4912109375 0.228515625 0.083984375 0.08984375
0 0.5859375 0.1923828125 0.078125 0.076171875
0 0.572265625 0.2626953125 0.08203125 0.072265625
0 0.263671875 0.1181640625 0.07421875 0.056640625
0 0.298828125 0.1630859375 0.0546875 0.056640625
0 0.140625 0.0810546875 0.09765625 0.095703125
0 0.0283203125 0.0986328125 0.056640625 0.076171875
0 0.6435546875 0.2958984375 0.052734375 0.056640625
0 0.7578125 0.33984375 0.04296875 0.05078125
0 0.783203125 0.4521484375 0.08203125 0.083984375
0 0.8056640625 0.6171875 0.060546875 0.0625
0 0.556640625 0.6064453125 0.0546875 0.048828125
0 0.60546875 0.6240234375 0.0625 0.068359375
0 0.5107421875 0.642578125 0.080078125 0.0703125
0 0.67578125 0.5703125 0.08203125 0.09375
0 0.8330078125 0.7421875 0.083984375 0.09765625
0 0.2783203125 0.7177734375 0.115234375 0.126953125
0 0.017578125 0.71875 0.03515625 0.1171875
0 0.0537109375 0.8271484375 0.080078125 0.087890625
0 0.0654296875 0.765625 0.080078125 0.078125
0 0.1240234375 0.7861328125 0.072265625 0.095703125
0 0.185546875 0.7763671875 0.1015625 0.119140625
0 0.29296875 0.830078125 0.08203125 0.07421875
0 0.123046875 0.85546875 0.0859375 0.09375
0 0.4189453125 0.7890625 0.044921875 0.046875
0 0.4365234375 0.861328125 0.048828125 0.05859375
0 0.3798828125 0.9287109375 0.111328125 0.103515625
0 0.515625 0.8173828125 0.125 0.142578125
0 0.6845703125 0.8623046875 0.259765625 0.275390625
0 0.8544921875 0.912109375 0.072265625 0.07421875
0 0.5 0.9423828125 0.1484375 0.115234375
0 0.3994140625 0.9794921875 0.072265625 0.041015625
0 0.3291015625 0.9755859375 0.099609375 0.048828125