0 0.6435546875 0.1396484375 0.076171875 0.076171875
0 0.703125 0.1923828125 0.09765625 0.083984375
0 0.8203125 0.296875 0.2109375 0.15625
0 0.8134765625 0.3828125 0.099609375 0.09375
0 0.8974609375 0.3974609375 0.134765625 0.130859375
0 0.8232421875 0.4970703125 0.185546875 0.169921875
0 0.9619140625 0.466796875 0.076171875 0.11328125
0 0.9765625 0.3203125 0.046875 0.08984375
0 0.248046875 0.099609375 0.1015625 0.09375
0 0.845703125 0.666015625 0.11328125 0.1015625
0 0.8125 0.890625 0.046875 0.04296875
0 0.62109375 0.8466796875 0.046875 0.064453125
0 0.607421875 0.7138671875 0.078125 0.068359375
0 0.408203125 0.8359375 0.0703125 0.078125
0 0.244140625 0.791015625 0.19921875 0.2109375
0 0.08984375 0.498046875 0.046875 0.0546875
0 0.134765625 0.4951171875 0.05078125 0.052734375