0 0.822265625 0.1923828125 0.13671875 0.134765625
0 0.80859375 0.0390625 0.0546875 0.078125
0 0.615234375 0.0751953125 0.05859375 0.052734375
0 0.7158203125 0.1650390625 0.099609375 0.107421875
0 0.697265625 0.2529296875 0.12109375 0.123046875
0 0.21875 0.1953125 0.1171875 0.16015625
0 0.1259765625 0.2431640625 0.150390625 0.162109375
0 0.0322265625 0.9013671875 0.064453125 0.197265625
0 0.189453125 0.75390625 0.0546875 0.05859375
0 0.2568359375 0.3828125 0.115234375 0.140625
0 0.162109375 0.4814453125 0.09765625 0.107421875
0 0.708984375 0.927734375 0.109375 0.125
0 0.7255859375 0.98046875 0.134765625 0.0390625
0 0.6298828125 0.9638671875 0.119140625 0.072265625
0 0.5009765625 0.9482421875 0.099609375 0.095703125
0 0.3759765625 0.9501953125 0.064453125 0.060546875
0 0.3115234375 0.9501953125 0.044921875 0.056640625
0 0.2177734375 0.9892578125 0.267578125 0.021484375