0 0.4404296875 0.025390625 0.177734375 0.05078125
0 0.552734375 0.0849609375 0.15625 0.138671875
0 0.6298828125 0.1201171875 0.099609375 0.111328125
0 0.712890625 0.0556640625 0.078125 0.076171875
0 0.16015625 0.0615234375 0.22265625 0.123046875
0 0.96484375 0.0576171875 0.0703125 0.115234375
0 0.9423828125 0.302734375 0.115234375 0.1484375
0 0.7744140625 0.4619140625 0.146484375 0.134765625
0 0.552734375 0.337890625 0.3046875 0.296875
0 0.7119140625 0.337890625 0.185546875 0.17578125
0 0.607421875 0.515625 0.16015625 0.171875
0 0.42578125 0.5361328125 0.21875 0.220703125
0 0.4873046875 0.658203125 0.240234375 0.14453125
0 0.505859375 0.7958984375 0.25390625 0.216796875
0 0.8125 0.71484375 0.109375 0.125
0 0.8583984375 0.8544921875 0.076171875 0.099609375
0 0.3017578125 0.9013671875 0.083984375 0.080078125
0 0.513671875 0.9462890625 0.13671875 0.103515625
0 0.3369140625 0.9892578125 0.240234375 0.021484375
0 0.87109375 0.9736328125 0.13671875 0.052734375
0 0.1328125 0.3828125 0.04296875 0.0390625
0 0.146484375 0.416015625 0.04296875 0.03515625