0 0.0078125 0.1494140625 0.015625 0.298828125
0 0.1162109375 0.1103515625 0.232421875 0.220703125
0 0.068359375 0.2314453125 0.1171875 0.111328125
0 0.181640625 0.2353515625 0.16796875 0.166015625
0 0.4375 0.08984375 0.3671875 0.1796875
0 0.6240234375 0.2294921875 0.052734375 0.037109375
0 0.9150390625 0.703125 0.095703125 0.08984375
0 0.8564453125 0.708984375 0.080078125 0.07421875
0 0.791015625 0.72265625 0.0703125 0.12890625
0 0.3515625 0.7412109375 0.0859375 0.099609375
0 0.3037109375 0.7919921875 0.107421875 0.119140625
0 0.060546875 0.7177734375 0.12109375 0.103515625
0 0.017578125 0.8134765625 0.03515625 0.123046875
0 0.0263671875 0.9541015625 0.052734375 0.091796875
0 0.8515625 0.88671875 0.1015625 0.09765625