0 0.107421875 0.03515625 0.10546875 0.0703125
0 0.0400390625 0.015625 0.044921875 0.03125
0 0.537109375 0.0458984375 0.1328125 0.091796875
0 0.748046875 0.0302734375 0.11328125 0.060546875
0 0.5947265625 0.234375 0.138671875 0.140625
0 0.7802734375 0.154296875 0.123046875 0.14453125
0 0.609375 0.404296875 0.1015625 0.08984375
0 0.6279296875 0.482421875 0.123046875 0.109375
0 0.5419921875 0.513671875 0.037109375 0.046875
0 0.6337890625 0.5712890625 0.044921875 0.048828125
0 0.5654296875 0.6240234375 0.037109375 0.029296875
0 0.9140625 0.6181640625 0.09765625 0.111328125
0 0.8779296875 0.765625 0.083984375 0.08984375
0 0.88671875 0.8603515625 0.0703125 0.080078125
0 0.9677734375 0.828125 0.064453125 0.14453125
0 0.2138671875 0.5634765625 0.064453125 0.056640625
0 0.15625 0.68359375 0.06640625 0.03515625
0 0.2138671875 0.6787109375 0.044921875 0.048828125
0 0.5498046875 1.0 0.080078125 0.0
0 0.6904296875 0.95703125 0.134765625 0.0859375
0 0.73046875 0.9443359375 0.25 0.111328125