0 0.0400390625 0.828125 0.080078125 0.14453125
0 0.22265625 0.869140625 0.0703125 0.05078125
0 0.3251953125 0.87890625 0.099609375 0.109375
0 0.40625 0.87890625 0.078125 0.0859375
0 0.2275390625 0.53125 0.037109375 0.03515625
0 0.228515625 0.5751953125 0.046875 0.060546875
0 0.3037109375 0.5439453125 0.119140625 0.107421875
0 0.365234375 0.56640625 0.0625 0.04296875
0 0.5126953125 0.43359375 0.099609375 0.1171875
0 0.4287109375 0.3798828125 0.048828125 0.044921875
0 0.6826171875 0.380859375 0.083984375 0.0859375
0 0.443359375 0.1552734375 0.16796875 0.130859375
0 0.5712890625 0.1025390625 0.080078125 0.080078125
0 0.6279296875 0.138671875 0.091796875 0.10546875
0 0.7109375 0.0927734375 0.15625 0.123046875
0 0.5859375 0.6513671875 0.078125 0.087890625