0 0.263671875 0.2421875 0.125 0.1484375
0 0.3544921875 0.279296875 0.134765625 0.16796875
0 0.4345703125 0.255859375 0.052734375 0.0546875
0 0.435546875 0.3525390625 0.046875 0.041015625
0 0.4443359375 0.412109375 0.041015625 0.0390625
0 0.44921875 0.4560546875 0.0390625 0.044921875
0 0.650390625 0.3955078125 0.0390625 0.044921875
0 0.61328125 0.29296875 0.08984375 0.09375
0 0.5908203125 0.2412109375 0.044921875 0.037109375
0 0.8212890625 0.3193359375 0.048828125 0.052734375
0 0.826171875 0.21484375 0.03515625 0.05078125
0 0.8310546875 0.373046875 0.048828125 0.05859375
0 0.69921875 0.974609375 0.09765625 0.05078125
0 0.650390625 0.4501953125 0.05078125 0.068359375
0 0.6640625 0.5107421875 0.05078125 0.056640625
0 0.5771484375 0.5732421875 0.107421875 0.091796875
0 0.4443359375 0.505859375 0.044921875 0.04296875
0 0.095703125 0.96875 0.05859375 0.0390625
0 0.2158203125 0.984375 0.291015625 0.03125
0 0.3642578125 0.9912109375 0.126953125 0.017578125
0 0.521484375 0.990234375 0.1484375 0.01953125