0 0.212890625 0.048828125 0.09765625 0.09765625
0 0.4208984375 0.0390625 0.130859375 0.078125
0 0.58203125 0.23828125 0.09765625 0.13671875
0 0.466796875 0.3583984375 0.1484375 0.150390625
0 0.271484375 0.431640625 0.140625 0.19140625
0 0.2421875 0.5244140625 0.05078125 0.044921875
0 0.2568359375 0.5634765625 0.076171875 0.052734375
0 0.4814453125 0.6376953125 0.197265625 0.244140625
0 0.6513671875 0.728515625 0.041015625 0.0546875
0 0.7314453125 0.8759765625 0.236328125 0.181640625
0 0.896484375 0.833984375 0.17578125 0.171875
0 0.9443359375 0.8623046875 0.111328125 0.236328125
0 0.9580078125 0.955078125 0.083984375 0.08984375
0 0.21875 0.12109375 0.06640625 0.05859375
0 0.0556640625 0.8720703125 0.080078125 0.044921875