0 0.271484375 0.091796875 0.12890625 0.16015625
0 0.4716796875 0.017578125 0.095703125 0.03515625
0 0.4580078125 0.0771484375 0.107421875 0.087890625
0 0.439453125 0.1533203125 0.1015625 0.072265625
0 0.0126953125 0.3662109375 0.025390625 0.103515625
0 0.927734375 0.0263671875 0.11328125 0.052734375
0 0.978515625 0.01171875 0.04296875 0.0234375
0 0.6484375 0.7119140625 0.21484375 0.216796875
0 0.451171875 0.6298828125 0.0390625 0.037109375
0 0.3349609375 0.7529296875 0.279296875 0.275390625
0 0.05078125 0.669921875 0.1015625 0.09765625
0 0.0263671875 0.732421875 0.052734375 0.0859375
0 0.10546875 0.736328125 0.13671875 0.1796875
0 0.0283203125 0.826171875 0.056640625 0.14453125
0 0.7294921875 0.9169921875 0.044921875 0.048828125