0 0.69921875 0.0224609375 0.09765625 0.044921875
0 0.2158203125 0.1103515625 0.291015625 0.220703125
0 0.3642578125 0.0498046875 0.126953125 0.099609375
0 0.521484375 0.0556640625 0.1484375 0.111328125
0 0.341796875 0.357421875 0.22265625 0.21484375
0 0.498046875 0.318359375 0.109375 0.11328125
0 0.099609375 0.486328125 0.07421875 0.0859375
0 0.431640625 0.5400390625 0.078125 0.076171875
0 0.4189453125 0.671875 0.068359375 0.0703125
0 0.1708984375 0.900390625 0.095703125 0.125
0 0.064453125 0.390625 0.08984375 0.0625