0 0.048828125 0.4296875 0.0859375 0.08203125
0 0.0009765625 0.5029296875 0.001953125 0.044921875
0 0.3427734375 0.4853515625 0.302734375 0.244140625
0 0.486328125 0.6083984375 0.05078125 0.052734375
0 0.4541015625 0.630859375 0.072265625 0.0703125
0 0.3662109375 0.7890625 0.240234375 0.1953125
0 0.12109375 0.771484375 0.2421875 0.203125
0 0.513671875 0.94921875 0.140625 0.1015625
0 0.9677734375 0.900390625 0.064453125 0.19921875
0 0.978515625 0.6748046875 0.04296875 0.064453125
0 0.3779296875 0.12890625 0.080078125 0.0859375
0 0.3740234375 0.20703125 0.060546875 0.0625
0 0.3017578125 0.255859375 0.224609375 0.21875
0 0.595703125 0.2021484375 0.1171875 0.107421875
0 0.6298828125 0.3154296875 0.177734375 0.205078125
0 0.560546875 0.4287109375 0.07421875 0.064453125
0 0.724609375 0.4560546875 0.17578125 0.154296875
0 0.755859375 0.341796875 0.109375 0.07421875
0 0.8740234375 0.3720703125 0.126953125 0.150390625
0 0.953125 0.3525390625 0.09375 0.162109375
0 0.970703125 0.44921875 0.05859375 0.1484375
0 0.0126953125 0.2001953125 0.025390625 0.232421875
0 0.1044921875 0.197265625 0.208984375 0.265625