0 0.4912109375 0.0625 0.068359375 0.0703125
0 0.189453125 0.2080078125 0.03515625 0.033203125
0 0.521484375 0.2763671875 0.03515625 0.037109375
0 0.7333984375 0.2900390625 0.216796875 0.314453125
0 0.9697265625 0.0625 0.060546875 0.1015625
0 0.9873046875 0.4833984375 0.025390625 0.322265625
0 0.9765625 0.232421875 0.046875 0.0390625
0 0.0576171875 0.6083984375 0.025390625 0.025390625
0 0.0986328125 0.6064453125 0.021484375 0.021484375
0 0.1259765625 0.6025390625 0.025390625 0.029296875
0 0.16015625 0.6064453125 0.02734375 0.025390625
0 0.1953125 0.6669921875 0.04296875 0.056640625
0 0.220703125 0.591796875 0.07421875 0.06640625
0 0.0947265625 0.6640625 0.041015625 0.04296875
0 0.015625 0.66796875 0.03125 0.05078125
0 0.072265625 0.849609375 0.14453125 0.16015625
0 0.205078125 0.875 0.12890625 0.20703125
0 0.46875 0.814453125 0.0859375 0.09375
0 0.5537109375 0.814453125 0.072265625 0.078125
0 0.6162109375 0.89453125 0.072265625 0.078125
0 0.62890625 0.9736328125 0.08203125 0.052734375
0 0.5556640625 0.4921875 0.025390625 0.03515625
0 0.7607421875 0.6474609375 0.205078125 0.240234375
0 0.9248046875 0.6611328125 0.087890625 0.080078125
0 0.8193359375 0.859375 0.279296875 0.28125
0 0.9951171875 0.6943359375 0.009765625 0.080078125