0 0.02734375 0.2099609375 0.0546875 0.134765625
0 0.091796875 0.048828125 0.1171875 0.09765625
0 0.181640625 0.0380859375 0.0703125 0.076171875
0 0.12890625 0.16796875 0.09765625 0.08984375
0 0.076171875 0.234375 0.109375 0.1171875
0 0.37109375 0.0029296875 0.08984375 0.005859375
0 0.7294921875 0.103515625 0.060546875 0.08203125
0 0.66015625 0.0595703125 0.09375 0.083984375
0 0.841796875 0.0576171875 0.10546875 0.115234375
0 0.6396484375 0.0068359375 0.064453125 0.013671875
0 0.8759765625 0.1552734375 0.166015625 0.162109375
0 0.626953125 0.1787109375 0.1484375 0.154296875
0 0.6337890625 0.298828125 0.173828125 0.125
0 0.8994140625 0.4052734375 0.119140625 0.126953125
0 0.6650390625 0.4169921875 0.138671875 0.169921875
0 0.2841796875 0.703125 0.087890625 0.12109375
0 0.5703125 0.3896484375 0.015625 0.013671875
0 0.5537109375 0.4033203125 0.021484375 0.021484375
0 0.5400390625 0.400390625 0.017578125 0.0234375
0 0.7783203125 0.802734375 0.173828125 0.171875
0 0.9345703125 0.5986328125 0.130859375 0.142578125
0 0.935546875 0.734375 0.12890625 0.19140625
0 0.7783203125 0.8994140625 0.173828125 0.185546875
0 0.70703125 0.9384765625 0.15234375 0.123046875