0 0.8671875 0.9140625 0.26171875 0.171875
0 0.5458984375 0.9814453125 0.130859375 0.037109375
0 0.490234375 0.9951171875 0.16015625 0.009765625
0 0.267578125 0.994140625 0.12109375 0.01171875
0 0.2529296875 0.953125 0.111328125 0.09375
0 0.2841796875 0.5751953125 0.041015625 0.052734375
0 0.314453125 0.6572265625 0.05078125 0.044921875
0 0.369140625 0.646484375 0.10546875 0.0859375
0 0.498046875 0.6298828125 0.12109375 0.103515625
0 0.6865234375 0.5009765625 0.056640625 0.076171875
0 0.7353515625 0.5009765625 0.083984375 0.115234375