0 0.9873046875 0.2314453125 0.025390625 0.205078125
0 0.7861328125 0.1318359375 0.041015625 0.048828125
0 0.97265625 0.625 0.0546875 0.1171875
0 0.9013671875 0.576171875 0.197265625 0.21484375
0 0.544921875 0.6474609375 0.078125 0.099609375
0 0.4677734375 0.625 0.099609375 0.09765625
0 0.37109375 0.74609375 0.07421875 0.09765625
0 0.11328125 0.6416015625 0.02734375 0.029296875
0 0.009765625 0.38671875 0.01953125 0.05078125
0 0.0 0.8759765625 0.0 0.103515625
0 0.8359375 0.0302734375 0.06640625 0.060546875