0 0.748046875 0.4755859375 0.05859375 0.060546875
0 0.763671875 0.4189453125 0.06640625 0.056640625
0 0.6875 0.4150390625 0.0625 0.068359375
0 0.6884765625 0.4970703125 0.087890625 0.107421875
0 0.525390625 0.5224609375 0.16015625 0.154296875
0 0.51171875 0.4267578125 0.10546875 0.080078125
0 0.21484375 0.53125 0.13671875 0.15625
0 0.2783203125 0.7138671875 0.068359375 0.064453125
0 0.220703125 0.2568359375 0.12109375 0.142578125
0 0.0869140625 0.2314453125 0.173828125 0.205078125
0 0.037109375 0.625 0.07421875 0.1171875
0 0.0029296875 0.576171875 0.005859375 0.21484375
0 0.166015625 0.0810546875 0.109375 0.091796875