0 0.7841796875 0.0302734375 0.103515625 0.060546875
0 0.5380859375 0.0263671875 0.099609375 0.052734375
0 0.3505859375 0.0546875 0.142578125 0.109375
0 0.291015625 0.244140625 0.1640625 0.16796875
0 0.3125 0.3935546875 0.10546875 0.103515625
0 0.3349609375 0.5009765625 0.099609375 0.111328125
0 0.3994140625 0.48828125 0.025390625 0.02734375
0 0.2041015625 0.5439453125 0.115234375 0.130859375
0 0.2060546875 0.666015625 0.126953125 0.12890625
0 0.39453125 0.7373046875 0.22265625 0.224609375
0 0.224609375 0.7978515625 0.12890625 0.142578125
0 0.439453125 0.9208984375 0.3125 0.158203125
0 0.236328125 0.935546875 0.05859375 0.046875
0 0.8623046875 0.8935546875 0.228515625 0.166015625
0 0.6767578125 0.7978515625 0.107421875 0.080078125
0 0.998046875 0.2001953125 0.00390625 0.044921875