0 0.62890625 0.0185546875 0.08203125 0.037109375
0 0.8193359375 0.0361328125 0.279296875 0.072265625
0 0.8720703125 0.3203125 0.255859375 0.30078125
0 0.662109375 0.1484375 0.08984375 0.1015625
0 0.6845703125 0.2939453125 0.095703125 0.103515625
0 0.6083984375 0.1591796875 0.025390625 0.029296875
0 0.6142578125 0.212890625 0.029296875 0.02734375
0 0.5771484375 0.1611328125 0.025390625 0.037109375
0 0.0732421875 0.58984375 0.146484375 0.328125
0 0.28515625 0.5380859375 0.1875 0.212890625
0 0.169921875 0.8369140625 0.078125 0.080078125
0 0.10546875 0.9140625 0.171875 0.171875
0 0.1396484375 0.931640625 0.080078125 0.078125
0 0.212890625 0.9541015625 0.078125 0.052734375