0 0.9873046875 0.2353515625 0.025390625 0.173828125
0 0.9130859375 0.2607421875 0.083984375 0.076171875
0 0.8466796875 0.2646484375 0.091796875 0.119140625
0 0.8642578125 0.3173828125 0.095703125 0.080078125
0 0.72265625 0.3154296875 0.35546875 0.365234375
0 0.8359375 0.0830078125 0.1796875 0.166015625
0 0.283203125 0.060546875 0.1015625 0.09375
0 0.2294921875 0.1171875 0.048828125 0.05078125
0 0.400390625 0.1669921875 0.1875 0.181640625
0 0.341796875 0.1728515625 0.11328125 0.169921875
0 0.2919921875 0.279296875 0.212890625 0.23046875
0 0.373046875 0.474609375 0.3203125 0.23828125
0 0.1435546875 0.4755859375 0.181640625 0.119140625
0 0.1328125 0.3642578125 0.09765625 0.123046875
0 0.0302734375 0.3203125 0.060546875 0.30078125
0 0.37109375 0.75390625 0.0703125 0.07421875
0 0.4423828125 0.732421875 0.080078125 0.08203125
0 0.43359375 0.66015625 0.08203125 0.078125
0 0.49609375 0.6416015625 0.08203125 0.095703125
0 0.5244140625 0.7197265625 0.080078125 0.099609375
0 0.6162109375 0.646484375 0.138671875 0.1171875
0 0.595703125 0.7021484375 0.1015625 0.080078125
0 0.59765625 0.796875 0.08984375 0.11328125
0 0.6650390625 0.76953125 0.083984375 0.1015625
0 0.7109375 0.6943359375 0.08203125 0.099609375
0 0.7998046875 0.7744140625 0.099609375 0.080078125
0 0.7685546875 0.6982421875 0.103515625 0.115234375
0 0.732421875 0.6572265625 0.09765625 0.107421875
0 0.7333984375 0.5927734375 0.076171875 0.052734375
0 0.884765625 0.64453125 0.08984375 0.10546875
0 0.9580078125 0.5703125 0.083984375 0.1171875
0 0.984375 0.533203125 0.03125 0.1875
0 0.4833984375 0.6923828125 0.060546875 0.048828125