0 0.70703125 0.01953125 0.15234375 0.0390625
0 0.5908203125 0.4140625 0.095703125 0.109375
0 0.39453125 0.4912109375 0.20703125 0.166015625
0 0.271484375 0.462890625 0.14453125 0.1875
0 0.1767578125 0.4697265625 0.146484375 0.189453125
0 0.056640625 0.8076171875 0.11328125 0.244140625
0 0.1953125 0.873046875 0.06640625 0.0703125
0 0.2470703125 0.8701171875 0.130859375 0.095703125
0 0.130859375 0.876953125 0.0703125 0.05078125
0 0.4619140625 0.8330078125 0.083984375 0.087890625
0 0.515625 0.826171875 0.06640625 0.0859375
0 0.5703125 0.8056640625 0.0859375 0.087890625
0 0.5615234375 0.7392578125 0.080078125 0.060546875
0 0.4462890625 0.76953125 0.029296875 0.02734375