0 0.958984375 0.15234375 0.08203125 0.12890625
0 0.8251953125 0.31640625 0.087890625 0.07421875
0 0.4833984375 0.0830078125 0.083984375 0.083984375
0 0.4453125 0.091796875 0.05859375 0.0625
0 0.349609375 0.1015625 0.08984375 0.0625
0 0.0576171875 0.7177734375 0.115234375 0.115234375
0 0.15234375 0.6689453125 0.17578125 0.130859375
0 0.8447265625 0.6875 0.107421875 0.0859375
0 0.91796875 0.7509765625 0.12109375 0.119140625
0 0.984375 0.83203125 0.03125 0.08203125
0 0.990234375 0.728515625 0.01953125 0.0703125
0 0.2705078125 0.8837890625 0.541015625 0.232421875