0 0.6591796875 0.20703125 0.044921875 0.0546875
0 0.6748046875 0.1044921875 0.052734375 0.048828125
0 0.1474609375 0.1259765625 0.103515625 0.091796875
0 0.392578125 0.3203125 0.05078125 0.0546875
0 0.3330078125 0.3212890625 0.048828125 0.068359375
0 0.021484375 0.15234375 0.04296875 0.12890625
0 0.1953125 0.361328125 0.10546875 0.10546875
0 0.3095703125 0.3798828125 0.123046875 0.142578125
0 0.34765625 0.4697265625 0.171875 0.162109375
0 0.025390625 0.83203125 0.05078125 0.08203125
0 0.044921875 0.728515625 0.08984375 0.0703125
0 0.0654296875 0.783203125 0.072265625 0.1171875
0 0.1083984375 0.796875 0.091796875 0.1328125
0 0.2841796875 0.787109375 0.056640625 0.06640625
0 0.3515625 0.7744140625 0.08203125 0.095703125
0 0.5009765625 0.7978515625 0.111328125 0.166015625
0 0.7109375 0.8466796875 0.08984375 0.068359375
0 0.720703125 0.9306640625 0.0859375 0.080078125
0 0.828125 0.8955078125 0.0390625 0.056640625
0 0.5673828125 0.9482421875 0.189453125 0.103515625
0 0.6845703125 0.6708984375 0.048828125 0.056640625