0 0.3310546875 0.0 0.056640625 0.0
0 0.107421875 0.052734375 0.1328125 0.10546875
0 0.66796875 0.2138671875 0.05859375 0.076171875
0 0.82421875 0.111328125 0.09765625 0.1015625
0 0.794921875 0.865234375 0.05859375 0.04296875
0 0.9453125 0.935546875 0.08203125 0.08203125
0 0.955078125 0.98046875 0.08984375 0.0390625
0 0.7294921875 0.962890625 0.103515625 0.07421875
0 0.5947265625 0.9833984375 0.111328125 0.033203125
0 0.3330078125 0.8037109375 0.037109375 0.033203125
0 0.419921875 0.9921875 0.0859375 0.015625
0 0.0244140625 0.2001953125 0.048828125 0.044921875