0 0.8671875 0.1953125 0.1171875 0.11328125
0 0.912109375 0.33203125 0.17578125 0.20703125
0 0.65234375 0.333984375 0.3828125 0.3359375
0 0.5546875 0.5078125 0.3203125 0.21484375
0 0.6103515625 0.6533203125 0.068359375 0.072265625
0 0.71875 0.7548828125 0.1015625 0.107421875
0 0.2705078125 0.16796875 0.541015625 0.3359375
0 0.22265625 0.46875 0.10546875 0.1015625
0 0.0302734375 0.5263671875 0.060546875 0.318359375
0 0.068359375 0.7158203125 0.13671875 0.166015625
0 0.2783203125 0.767578125 0.083984375 0.125
0 0.380859375 0.736328125 0.125 0.109375
0 0.341796875 0.7841796875 0.08984375 0.080078125
0 0.3125 0.828125 0.0703125 0.08984375
0 0.419921875 0.931640625 0.265625 0.13671875