0 0.5673828125 0.05078125 0.189453125 0.1015625
0 0.6044921875 0.201171875 0.197265625 0.16796875
0 0.763671875 0.2275390625 0.03515625 0.033203125
0 0.978515625 0.4130859375 0.04296875 0.115234375
0 0.6337890625 0.51953125 0.064453125 0.06640625
0 0.8330078125 0.53125 0.083984375 0.08203125
0 0.837890625 0.5986328125 0.09375 0.087890625
0 0.568359375 0.599609375 0.1796875 0.1796875
0 0.4228515625 0.625 0.142578125 0.171875
0 0.330078125 0.66015625 0.0859375 0.125
0 0.291015625 0.6025390625 0.0703125 0.080078125
0 0.498046875 0.3984375 0.11328125 0.09765625
0 0.314453125 0.435546875 0.12890625 0.1171875
0 0.099609375 0.1494140625 0.140625 0.123046875
0 0.0224609375 0.33203125 0.044921875 0.20703125
0 0.9453125 0.84765625 0.05859375 0.0546875