0 0.9833984375 0.0869140625 0.033203125 0.123046875
0 0.78125 0.0703125 0.33203125 0.140625
0 0.8125 0.138671875 0.359375 0.27734375
0 0.58203125 0.27734375 0.0703125 0.078125
0 0.4345703125 0.439453125 0.048828125 0.04296875
0 0.48046875 0.5615234375 0.07421875 0.072265625
0 0.5009765625 0.638671875 0.091796875 0.08203125
0 0.5205078125 0.716796875 0.080078125 0.078125
0 0.955078125 0.798828125 0.06640625 0.05859375
0 0.8896484375 0.859375 0.083984375 0.0703125
0 0.0029296875 0.98046875 0.005859375 0.0390625