0 0.05078125 0.0029296875 0.05078125 0.005859375
0 0.8662109375 0.6279296875 0.041015625 0.048828125
0 0.8115234375 0.6484375 0.044921875 0.05078125
0 0.6669921875 0.5546875 0.037109375 0.046875
0 0.7021484375 0.5615234375 0.041015625 0.060546875
0 0.6806640625 0.6005859375 0.044921875 0.044921875
0 0.3837890625 0.17578125 0.056640625 0.0546875
0 0.3544921875 0.2294921875 0.048828125 0.064453125
0 0.375 0.76953125 0.0546875 0.03515625
0 0.109375 0.427734375 0.13671875 0.18359375
0 0.986328125 0.9404296875 0.02734375 0.044921875