0 0.419921875 0.099609375 0.265625 0.19921875
0 0.810546875 0.205078125 0.05078125 0.0703125
0 0.91796875 0.4599609375 0.1640625 0.205078125
0 0.8046875 0.4912109375 0.0703125 0.080078125
0 0.9189453125 0.7119140625 0.162109375 0.345703125
0 0.6611328125 0.8232421875 0.083984375 0.076171875
0 0.517578125 0.267578125 0.07421875 0.0625
0 0.560546875 0.453125 0.1015625 0.06640625
0 0.4228515625 0.2373046875 0.142578125 0.119140625
0 0.2626953125 0.2578125 0.099609375 0.0859375
0 0.23828125 0.4140625 0.13671875 0.16015625
0 0.1416015625 0.31640625 0.083984375 0.0703125
0 0.1318359375 0.4306640625 0.041015625 0.048828125
0 0.1533203125 0.6298828125 0.095703125 0.119140625
0 0.0576171875 0.6337890625 0.083984375 0.060546875
0 0.0107421875 0.9404296875 0.021484375 0.044921875
0 0.2470703125 0.8974609375 0.134765625 0.205078125
0 0.365234375 0.8642578125 0.171875 0.185546875
0 0.5185546875 0.8388671875 0.138671875 0.134765625
0 0.4990234375 0.9599609375 0.080078125 0.080078125
0 0.3935546875 0.5625 0.173828125 0.15234375
0 0.505859375 0.5361328125 0.26171875 0.119140625
0 0.4267578125 0.4599609375 0.083984375 0.056640625