0 0.529296875 0.03515625 0.19140625 0.0703125
0 0.3974609375 0.021484375 0.146484375 0.04296875
0 0.2421875 0.06640625 0.21875 0.1328125
0 0.1435546875 0.0634765625 0.099609375 0.111328125
0 0.0439453125 0.0869140625 0.087890625 0.123046875
0 0.3037109375 0.291015625 0.095703125 0.1171875
0 0.9970703125 0.64453125 0.005859375 0.07421875
0 0.986328125 0.7265625 0.02734375 0.05859375
0 0.8681640625 0.806640625 0.095703125 0.10546875
0 0.9169921875 0.5439453125 0.037109375 0.048828125
0 0.8505859375 0.6025390625 0.052734375 0.044921875