0 0.1103515625 0.05859375 0.095703125 0.1171875
0 0.3154296875 0.041015625 0.099609375 0.08203125
0 0.3974609375 0.0615234375 0.130859375 0.103515625
0 0.3603515625 0.173828125 0.115234375 0.10546875
0 0.52734375 0.2265625 0.09375 0.05859375
0 0.521484375 0.2890625 0.109375 0.08203125
0 0.5361328125 0.3779296875 0.115234375 0.099609375
0 0.5087890625 0.447265625 0.080078125 0.07421875
0 0.5283203125 0.53515625 0.064453125 0.0703125
0 0.751953125 0.16796875 0.08984375 0.11328125
0 0.9033203125 0.236328125 0.130859375 0.09765625
0 0.939453125 0.197265625 0.12109375 0.08984375
0 0.9169921875 0.9912109375 0.064453125 0.017578125
0 0.90234375 0.9541015625 0.0703125 0.083984375
0 0.669921875 0.9541015625 0.22265625 0.091796875
0 0.755859375 0.6494140625 0.03125 0.033203125
0 0.8232421875 0.6318359375 0.041015625 0.041015625
0 0.6943359375 0.71875 0.048828125 0.046875
0 0.7900390625 0.701171875 0.044921875 0.04296875
0 0.2392578125 0.703125 0.091796875 0.08984375
0 0.193359375 0.708984375 0.0703125 0.078125
0 0.3271484375 0.8017578125 0.048828125 0.037109375
0 0.4326171875 0.7841796875 0.041015625 0.056640625
0 0.1513671875 0.8291015625 0.044921875 0.052734375
0 0.056640625 0.71875 0.11328125 0.15625
0 0.056640625 0.8369140625 0.08984375 0.091796875