0 0.0810546875 0.162109375 0.095703125 0.08984375
0 0.2451171875 0.3115234375 0.220703125 0.197265625
0 0.408203125 0.2412109375 0.1328125 0.146484375
0 0.1005859375 0.5908203125 0.052734375 0.041015625
0 0.6630859375 0.2255859375 0.162109375 0.166015625
0 0.806640625 0.2080078125 0.203125 0.228515625
0 0.9228515625 0.15234375 0.154296875 0.21484375
0 1.0 0.001953125 0.0 0.00390625
0 0.888671875 0.3486328125 0.22265625 0.193359375
0 0.8955078125 0.4892578125 0.189453125 0.130859375
0 0.8076171875 0.6025390625 0.044921875 0.044921875
0 0.8994140625 0.63671875 0.119140625 0.1640625
0 0.9072265625 0.818359375 0.185546875 0.23046875
0 0.953125 0.9111328125 0.09375 0.177734375