0 0.9931640625 0.0205078125 0.013671875 0.041015625
0 0.8349609375 0.033203125 0.076171875 0.06640625
0 0.0986328125 0.15234375 0.197265625 0.21484375
0 0.05078125 0.001953125 0.1015625 0.00390625
0 0.322265625 0.0537109375 0.09375 0.095703125
0 0.22265625 0.2490234375 0.14453125 0.138671875
0 0.353515625 0.21875 0.15625 0.1640625
0 0.4697265625 0.2509765625 0.162109375 0.142578125
0 0.06640625 0.3486328125 0.1328125 0.193359375
0 0.1435546875 0.5048828125 0.134765625 0.107421875
0 0.2490234375 0.4140625 0.173828125 0.19921875
0 0.3466796875 0.4287109375 0.205078125 0.205078125
0 0.4951171875 0.3935546875 0.146484375 0.177734375
0 0.1416015625 0.408203125 0.087890625 0.0859375
0 0.4765625 0.529296875 0.13671875 0.12890625
0 0.5498046875 0.7421875 0.142578125 0.140625
0 0.4609375 0.771484375 0.07421875 0.078125
0 0.5771484375 0.6162109375 0.119140625 0.107421875
0 0.0986328125 0.779296875 0.173828125 0.17578125
0 0.2861328125 0.8349609375 0.201171875 0.220703125
0 0.0126953125 0.818359375 0.025390625 0.23046875
0 0.466796875 0.900390625 0.13671875 0.1328125
0 0.5751953125 0.892578125 0.095703125 0.1015625
0 0.4296875 0.9765625 0.10546875 0.046875
0 0.49609375 0.9921875 0.07421875 0.015625
0 0.5419921875 0.9853515625 0.099609375 0.029296875
0 0.5888671875 0.955078125 0.080078125 0.0859375
0 0.97265625 0.2734375 0.05078125 0.0546875
0 0.11328125 0.9111328125 0.2265625 0.177734375