0 0.0400390625 0.0205078125 0.080078125 0.041015625
0 0.4140625 0.201171875 0.03515625 0.0390625
0 0.4228515625 0.314453125 0.056640625 0.05859375
0 0.599609375 0.220703125 0.23046875 0.140625
0 0.642578125 0.2998046875 0.0546875 0.044921875
0 0.7314453125 0.2744140625 0.048828125 0.044921875
0 0.990234375 0.0830078125 0.01953125 0.076171875
0 0.8662109375 0.7158203125 0.080078125 0.099609375
0 0.4287109375 0.8359375 0.080078125 0.07421875
0 0.62890625 0.86328125 0.14453125 0.14453125
0 0.6611328125 0.958984375 0.130859375 0.08203125