0 0.04296875 0.0830078125 0.0859375 0.076171875
0 0.7451171875 0.0703125 0.044921875 0.0546875
0 0.787109375 0.1962890625 0.03125 0.029296875
0 0.841796875 0.306640625 0.0703125 0.0703125
0 0.79296875 0.314453125 0.0546875 0.06640625
0 0.8818359375 0.4892578125 0.099609375 0.087890625
0 0.8173828125 0.6494140625 0.076171875 0.072265625
0 0.9716796875 0.4970703125 0.056640625 0.119140625
0 0.830078125 0.7275390625 0.07421875 0.076171875
0 0.875 0.92578125 0.25 0.1484375
0 0.873046875 0.9931640625 0.25390625 0.013671875