0 0.185546875 0.087890625 0.18359375 0.17578125
0 0.47265625 0.0859375 0.04296875 0.05078125
0 0.2529296875 0.357421875 0.044921875 0.03515625
0 0.2900390625 0.3134765625 0.072265625 0.060546875
0 0.171875 0.392578125 0.0703125 0.0703125
0 0.322265625 0.3740234375 0.0625 0.052734375
0 0.4580078125 0.3125 0.060546875 0.0546875
0 0.5751953125 0.04296875 0.072265625 0.0859375
0 0.705078125 0.3681640625 0.1171875 0.095703125
0 0.611328125 0.0234375 0.07421875 0.046875
0 0.6728515625 0.017578125 0.107421875 0.03515625
0 0.62109375 0.1328125 0.07421875 0.10546875
0 0.66796875 0.1259765625 0.1015625 0.134765625
0 0.94921875 0.46875 0.1015625 0.07421875
0 0.6123046875 0.5537109375 0.076171875 0.087890625
0 0.7080078125 0.6611328125 0.291015625 0.169921875
0 0.3359375 0.603515625 0.10546875 0.1171875
0 0.4169921875 0.705078125 0.130859375 0.125
0 0.361328125 0.830078125 0.125 0.09375
0 0.7431640625 0.8115234375 0.212890625 0.177734375
0 0.931640625 0.9794921875 0.13671875 0.041015625
0 0.6689453125 0.966796875 0.361328125 0.06640625
0 0.15234375 0.9658203125 0.12109375 0.068359375