0 0.0908203125 0.3779296875 0.181640625 0.193359375
0 0.0068359375 0.4580078125 0.013671875 0.142578125
0 0.0703125 0.091796875 0.078125 0.06640625
0 0.1201171875 0.1279296875 0.076171875 0.083984375
0 0.16015625 0.181640625 0.0859375 0.09765625
0 0.2197265625 0.0966796875 0.052734375 0.048828125
0 0.2734375 0.0908203125 0.02734375 0.037109375
0 0.32421875 0.220703125 0.13671875 0.1328125
0 0.314453125 0.15625 0.11328125 0.10546875
0 0.3759765625 0.1455078125 0.111328125 0.154296875
0 0.4892578125 0.2421875 0.123046875 0.11328125
0 0.30078125 0.611328125 0.04296875 0.046875
0 0.298828125 0.66796875 0.04296875 0.04296875
0 0.3525390625 0.619140625 0.087890625 0.1015625
0 0.4111328125 0.5595703125 0.044921875 0.052734375
0 0.0751953125 0.8115234375 0.134765625 0.138671875
0 0.19921875 0.7578125 0.1015625 0.125
0 0.2470703125 0.7646484375 0.083984375 0.103515625
0 0.3017578125 0.775390625 0.099609375 0.11328125
0 0.6015625 0.7353515625 0.078125 0.099609375
0 0.6708984375 0.36328125 0.197265625 0.1796875
0 0.6865234375 0.482421875 0.166015625 0.11328125
0 0.6240234375 0.5849609375 0.068359375 0.072265625
0 0.724609375 0.6123046875 0.1484375 0.146484375
0 0.9765625 0.427734375 0.046875 0.16796875
0 0.9853515625 0.59765625 0.029296875 0.1875
0 0.146484375 0.931640625 0.29296875 0.13671875