0 0.5537109375 0.0654296875 0.091796875 0.130859375
0 0.1708984375 0.0205078125 0.087890625 0.041015625
0 0.2109375 0.150390625 0.09765625 0.11328125
0 0.619140625 0.5693359375 0.22265625 0.212890625
0 0.7841796875 0.3974609375 0.189453125 0.111328125
0 0.9130859375 0.369140625 0.072265625 0.078125
0 0.8095703125 0.529296875 0.189453125 0.15234375
0 0.9423828125 0.5087890625 0.115234375 0.201171875
0 0.9736328125 0.36328125 0.052734375 0.109375
0 0.798828125 0.990234375 0.14453125 0.01953125
0 0.68359375 0.7392578125 0.0703125 0.076171875
0 0.5751953125 0.837890625 0.123046875 0.140625
0 0.5703125 0.9609375 0.15625 0.078125
0 0.3173828125 0.8037109375 0.087890625 0.087890625
0 0.0244140625 0.7109375 0.048828125 0.05859375