0 0.97265625 0.0732421875 0.0546875 0.115234375
0 0.9169921875 0.0263671875 0.064453125 0.052734375
0 0.669921875 0.0263671875 0.22265625 0.052734375
0 0.0869140625 0.0966796875 0.037109375 0.029296875
0 0.099609375 0.2802734375 0.0390625 0.044921875
0 0.1396484375 0.2783203125 0.041015625 0.044921875
0 0.525390625 0.7890625 0.1171875 0.125
0 0.6494140625 0.998046875 0.068359375 0.00390625
0 0.5625 0.9228515625 0.0703125 0.064453125
0 0.109375 0.830078125 0.05859375 0.06640625
0 0.1162109375 0.9775390625 0.119140625 0.044921875
0 0.0166015625 0.998046875 0.033203125 0.00390625