0 0.935546875 0.267578125 0.12890625 0.125
0 0.9716796875 0.3447265625 0.056640625 0.068359375
0 0.9931640625 0.392578125 0.013671875 0.14453125
0 0.9453125 0.412109375 0.07421875 0.0703125
0 0.9599609375 0.482421875 0.064453125 0.05859375
0 0.73828125 0.322265625 0.08203125 0.09375
0 0.451171875 0.2421875 0.0546875 0.05078125
0 0.345703125 0.29296875 0.1171875 0.10546875
0 0.1953125 0.091796875 0.03515625 0.0390625
0 0.220703125 0.20703125 0.046875 0.0625
0 0.1728515625 0.1357421875 0.052734375 0.044921875
0 0.216796875 0.4638671875 0.140625 0.099609375
0 0.2236328125 0.52734375 0.146484375 0.15234375
0 0.80078125 0.7353515625 0.05859375 0.068359375
0 0.8349609375 0.9130859375 0.060546875 0.087890625
0 0.6923828125 0.9365234375 0.080078125 0.064453125
0 0.6259765625 0.9658203125 0.080078125 0.068359375
0 0.767578125 0.9658203125 0.05078125 0.056640625
0 0.6884765625 0.9833984375 0.173828125 0.033203125
0 0.771484375 0.9951171875 0.1328125 0.009765625
0 0.953125 0.087890625 0.09375 0.17578125