0 0.4296875 0.02734375 0.10546875 0.0546875
0 0.49609375 0.0322265625 0.07421875 0.064453125
0 0.5419921875 0.0341796875 0.099609375 0.068359375
0 0.296875 0.1044921875 0.125 0.115234375
0 0.3603515625 0.1455078125 0.080078125 0.099609375
0 0.306640625 0.2021484375 0.1015625 0.095703125
0 0.4287109375 0.1982421875 0.134765625 0.130859375
0 0.486328125 0.2490234375 0.13671875 0.111328125
0 0.5302734375 0.1123046875 0.083984375 0.095703125
0 0.6474609375 0.181640625 0.095703125 0.09375
0 0.865234375 0.1923828125 0.05078125 0.048828125
0 0.005859375 0.267578125 0.01171875 0.125
0 0.001953125 0.3447265625 0.00390625 0.068359375
0 0.0576171875 0.392578125 0.115234375 0.14453125
0 0.3623046875 0.67578125 0.091796875 0.09375
0 0.4521484375 0.7109375 0.095703125 0.0859375
0 0.5556640625 0.5380859375 0.115234375 0.115234375
0 0.5546875 0.755859375 0.06640625 0.05859375
0 0.7294921875 0.568359375 0.216796875 0.19140625
0 0.7353515625 0.6796875 0.189453125 0.1640625
0 0.6572265625 0.732421875 0.103515625 0.1015625
0 0.673828125 0.9794921875 0.23046875 0.041015625
0 0.3798828125 0.978515625 0.158203125 0.04296875
0 0.11328125 0.087890625 0.2265625 0.17578125