0 0.884765625 0.1396484375 0.140625 0.134765625
0 0.6923828125 0.1552734375 0.064453125 0.064453125
0 0.7392578125 0.119140625 0.076171875 0.05859375
0 0.67578125 0.2216796875 0.08984375 0.083984375
0 0.8232421875 0.328125 0.056640625 0.0546875
0 0.6611328125 0.0439453125 0.130859375 0.087890625
0 0.37109375 0.1767578125 0.11328125 0.087890625
0 0.3349609375 0.2470703125 0.115234375 0.103515625
0 0.2724609375 0.3798828125 0.154296875 0.169921875
0 0.16015625 0.365234375 0.1015625 0.09375
0 0.220703125 0.6630859375 0.08203125 0.103515625
0 0.357421875 0.615234375 0.0703125 0.09375
0 0.4404296875 0.61328125 0.052734375 0.0703125
0 0.68359375 0.4150390625 0.07421875 0.076171875
0 0.7109375 0.4658203125 0.02734375 0.025390625
0 0.7958984375 0.61328125 0.068359375 0.05078125
0 0.853515625 0.724609375 0.0703125 0.07421875
0 0.50390625 0.998046875 0.0546875 0.00390625
0 0.27734375 0.9716796875 0.08984375 0.056640625
0 0.154296875 0.9912109375 0.08984375 0.017578125