0 0.875 0.0390625 0.25 0.078125
0 0.873046875 0.1005859375 0.25390625 0.201171875
0 0.7734375 0.2451171875 0.0703125 0.060546875
0 0.8994140625 0.2431640625 0.201171875 0.244140625
0 0.7802734375 0.5 0.251953125 0.19921875
0 0.96484375 0.5634765625 0.046875 0.041015625
0 0.2587890625 0.4921875 0.056640625 0.04296875
0 0.20703125 0.5771484375 0.0703125 0.056640625
0 0.103515625 0.296875 0.1015625 0.08984375
0 0.056640625 0.3427734375 0.10546875 0.123046875
0 0.931640625 0.7294921875 0.13671875 0.220703125
0 0.478515625 0.978515625 0.05859375 0.04296875
0 0.646484375 0.962890625 0.03515625 0.02734375
0 0.9384765625 0.8798828125 0.123046875 0.240234375
0 0.3125 0.9931640625 0.0546875 0.013671875
0 0.1240234375 0.9951171875 0.095703125 0.009765625