0 0.921875 0.25 0.15625 0.2734375
0 0.740234375 0.310546875 0.11328125 0.06640625
0 0.916015625 0.412109375 0.125 0.125
0 0.0126953125 0.0390625 0.025390625 0.078125
0 0.0400390625 0.1005859375 0.080078125 0.201171875
0 0.0556640625 0.2431640625 0.111328125 0.244140625
0 0.1865234375 0.375 0.115234375 0.078125
0 0.048828125 0.7294921875 0.09765625 0.220703125
0 0.2197265625 0.8681640625 0.103515625 0.095703125
0 0.1015625 0.8798828125 0.203125 0.240234375
0 0.53515625 0.7880859375 0.0859375 0.083984375
0 0.689453125 0.8994140625 0.0546875 0.064453125