0 0.751953125 0.0078125 0.08203125 0.015625
0 0.896484375 0.0224609375 0.19140625 0.044921875
0 0.6494140625 0.1533203125 0.357421875 0.306640625
0 0.8525390625 0.2021484375 0.091796875 0.087890625
0 0.5849609375 0.3486328125 0.115234375 0.099609375
0 0.9912109375 0.4580078125 0.017578125 0.181640625
0 0.9736328125 0.572265625 0.052734375 0.1015625
0 0.9169921875 0.51953125 0.052734375 0.046875
0 0.8125 0.5654296875 0.046875 0.048828125
0 0.271484375 0.0205078125 0.07421875 0.041015625
0 0.0498046875 0.0361328125 0.060546875 0.064453125
0 0.2841796875 0.1142578125 0.263671875 0.173828125
0 0.333984375 0.2470703125 0.20703125 0.193359375
0 0.12890625 0.1318359375 0.1640625 0.162109375
0 0.0849609375 0.25 0.169921875 0.2734375
0 0.26171875 0.4443359375 0.0703125 0.095703125
0 0.275390625 0.5146484375 0.05078125 0.048828125
0 0.361328125 0.58984375 0.19140625 0.17578125
0 0.451171875 0.4482421875 0.12890625 0.138671875
0 0.54296875 0.693359375 0.125 0.15625
0 0.583984375 0.5703125 0.1484375 0.1328125
0 0.6318359375 0.6865234375 0.083984375 0.111328125
0 0.40625 0.7509765625 0.13671875 0.138671875
0 0.716796875 0.6630859375 0.12890625 0.162109375
0 0.8095703125 0.720703125 0.103515625 0.08203125
0 0.5517578125 0.9951171875 0.142578125 0.009765625
0 0.92578125 0.7705078125 0.0 0.228515625
0 0.876953125 0.5595703125 0.08203125 0.083984375
0 0.94921875 0.9033203125 0.1015625 0.193359375
0 0.8984375 0.9501953125 0.16015625 0.099609375