0 0.931640625 0.080078125 0.13671875 0.16015625
0 0.775390625 0.1552734375 0.109375 0.095703125
0 0.6689453125 0.1376953125 0.361328125 0.275390625
0 0.9453125 0.330078125 0.109375 0.2265625
0 0.8349609375 0.306640625 0.173828125 0.140625
0 0.15234375 0.0283203125 0.12109375 0.056640625
0 0.1279296875 0.2099609375 0.130859375 0.142578125
0 0.228515625 0.2822265625 0.16796875 0.177734375
0 0.2900390625 0.373046875 0.095703125 0.09375
0 0.142578125 0.4580078125 0.28515625 0.181640625
0 0.0185546875 0.572265625 0.037109375 0.1015625
0 0.232421875 0.83203125 0.1328125 0.125
0 0.265625 0.7294921875 0.109375 0.130859375
0 0.10546875 0.9033203125 0.2109375 0.193359375
0 0.3994140625 0.7822265625 0.076171875 0.095703125
0 0.4619140625 0.857421875 0.041015625 0.05078125
0 0.486328125 0.9560546875 0.03515625 0.060546875
0 0.29296875 0.9326171875 0.140625 0.134765625
0 0.9697265625 0.52734375 0.060546875 0.26171875
0 0.9755859375 0.6552734375 0.048828125 0.119140625
0 0.775390625 0.8154296875 0.22265625 0.224609375