0 0.3017578125 0.0302734375 0.158203125 0.060546875
0 0.837890625 0.0224609375 0.12890625 0.044921875
0 0.0693359375 0.5087890625 0.138671875 0.201171875
0 0.056640625 0.36328125 0.11328125 0.109375
0 0.1650390625 0.3349609375 0.107421875 0.099609375
0 0.3671875 0.275390625 0.1640625 0.15625
0 0.611328125 0.2490234375 0.1015625 0.087890625
0 0.7109375 0.49609375 0.03515625 0.02734375
0 0.9013671875 0.61328125 0.197265625 0.171875
0 0.9599609375 0.787109375 0.064453125 0.07421875
0 0.744140625 0.5712890625 0.04296875 0.037109375