0 0.9892578125 0.0849609375 0.021484375 0.083984375
0 0.8583984375 0.1357421875 0.134765625 0.068359375
0 0.6494140625 0.03515625 0.068359375 0.0703125
0 0.671875 0.091796875 0.07421875 0.0703125
0 0.1162109375 0.025390625 0.119140625 0.05078125
0 0.0166015625 0.0322265625 0.033203125 0.064453125
0 0.0244140625 0.1376953125 0.048828125 0.060546875
0 0.0947265625 0.0986328125 0.083984375 0.080078125
0 0.171875 0.12890625 0.04296875 0.05078125
0 0.1796875 0.220703125 0.046875 0.05078125
0 0.9775390625 0.80859375 0.044921875 0.10546875
0 0.728515625 0.7109375 0.0703125 0.08203125
0 0.6298828125 0.7021484375 0.091796875 0.083984375
0 0.5458984375 0.7236328125 0.064453125 0.056640625
0 0.5634765625 0.7890625 0.068359375 0.05859375
0 0.7431640625 0.7724609375 0.056640625 0.060546875
0 0.818359375 0.9091796875 0.05859375 0.048828125
0 0.63671875 0.904296875 0.06640625 0.05078125
0 0.5078125 0.921875 0.2265625 0.15625
0 0.2822265625 0.955078125 0.142578125 0.08984375
0 0.1728515625 0.966796875 0.095703125 0.06640625
0 0.0927734375 0.8369140625 0.091796875 0.080078125
0 0.087890625 0.974609375 0.109375 0.05078125