0 0.390625 0.1259765625 0.0546875 0.044921875
0 0.3984375 0.2109375 0.109375 0.09765625
0 0.416015625 0.330078125 0.11328125 0.12109375
0 0.986328125 0.513671875 0.02734375 0.1015625
0 0.439453125 0.5556640625 0.14453125 0.154296875
0 0.4580078125 0.662109375 0.138671875 0.1640625
0 0.9521484375 0.6162109375 0.095703125 0.197265625
0 0.8681640625 0.701171875 0.263671875 0.30859375
0 0.7744140625 0.7421875 0.146484375 0.14453125
0 0.8837890625 0.9736328125 0.232421875 0.052734375
0 0.9912109375 0.974609375 0.017578125 0.05078125
0 0.15625 0.0283203125 0.05078125 0.048828125
0 0.0458984375 0.0849609375 0.091796875 0.083984375
0 0.1669921875 0.7607421875 0.064453125 0.064453125
0 0.1025390625 0.7666015625 0.056640625 0.064453125
0 0.0390625 0.80859375 0.078125 0.10546875
0 0.2236328125 0.830078125 0.056640625 0.07421875
0 0.1318359375 0.8125 0.052734375 0.046875
0 0.1572265625 0.8642578125 0.056640625 0.064453125