0 0.974609375 0.3115234375 0.05078125 0.068359375
0 0.92578125 0.30859375 0.06640625 0.078125
0 0.9677734375 0.5458984375 0.064453125 0.291015625
0 0.9140625 0.8857421875 0.0703125 0.064453125
0 0.9306640625 0.9677734375 0.076171875 0.064453125
0 0.5625 0.310546875 0.0390625 0.03515625
0 0.041015625 0.318359375 0.0546875 0.05859375
0 0.0390625 0.513671875 0.078125 0.1015625
0 0.197265625 0.5185546875 0.1640625 0.115234375
0 0.0673828125 0.6162109375 0.134765625 0.197265625
0 0.0302734375 0.701171875 0.060546875 0.30859375
0 0.4990234375 0.638671875 0.134765625 0.12109375
0 0.6630859375 0.6015625 0.169921875 0.140625
0 0.0078125 0.9736328125 0.015625 0.052734375
0 0.072265625 0.974609375 0.14453125 0.05078125
0 0.24609375 0.9541015625 0.21484375 0.091796875
0 0.4169921875 0.9140625 0.201171875 0.171875
0 0.6845703125 0.9208984375 0.037109375 0.044921875