0 0.6259765625 0.001953125 0.080078125 0.00390625
0 0.6884765625 0.0771484375 0.173828125 0.154296875
0 0.771484375 0.0830078125 0.1328125 0.166015625
0 0.8583984375 0.087890625 0.060546875 0.05859375
0 0.876953125 0.2353515625 0.0703125 0.064453125
0 0.7509765625 0.42578125 0.064453125 0.05859375
0 0.5556640625 0.4541015625 0.064453125 0.056640625
0 0.0947265625 0.0712890625 0.064453125 0.119140625
0 0.3427734375 0.0341796875 0.044921875 0.064453125
0 0.01171875 0.3115234375 0.0234375 0.068359375
0 0.28515625 0.4775390625 0.3359375 0.255859375
0 0.08984375 0.5458984375 0.1796875 0.291015625
0 0.6484375 0.744140625 0.14453125 0.18359375
0 0.4931640625 0.744140625 0.228515625 0.23046875
0 0.265625 0.8115234375 0.22265625 0.197265625
0 0.1474609375 0.8310546875 0.126953125 0.166015625
0 0.177734375 0.978515625 0.08984375 0.04296875