0 0.982421875 0.056640625 0.03515625 0.08984375
0 0.8564453125 0.078125 0.095703125 0.08203125
0 0.50390625 0.02734375 0.0546875 0.0546875
0 0.4833984375 0.0830078125 0.080078125 0.068359375
0 0.7158203125 0.11328125 0.037109375 0.04296875
0 0.61328125 0.134765625 0.04296875 0.0390625
0 0.2470703125 0.056640625 0.083984375 0.0859375
0 0.27734375 0.013671875 0.08984375 0.02734375
0 0.154296875 0.041015625 0.08984375 0.08203125
0 0.349609375 0.19921875 0.19921875 0.25
0 0.8017578125 0.369140625 0.083984375 0.08984375
0 0.7275390625 0.48828125 0.044921875 0.046875
0 0.65625 0.513671875 0.078125 0.07421875
0 0.7958984375 0.662109375 0.029296875 0.0390625
0 0.447265625 0.62890625 0.07421875 0.0703125
0 0.29296875 0.5458984375 0.140625 0.126953125
0 0.185546875 0.5634765625 0.125 0.166015625
0 0.013671875 0.6767578125 0.02734375 0.123046875
0 0.3798828125 0.732421875 0.091796875 0.10546875
0 0.4755859375 0.72265625 0.072265625 0.08984375
0 0.3955078125 0.8134765625 0.087890625 0.076171875
0 0.4111328125 0.8935546875 0.083984375 0.091796875
0 0.5029296875 0.9296875 0.080078125 0.1015625
0 0.48828125 0.8349609375 0.08203125 0.095703125
0 0.0751953125 0.92578125 0.076171875 0.06640625