0 0.478515625 0.0009765625 0.05859375 0.001953125
0 0.9384765625 0.0634765625 0.123046875 0.126953125
0 0.3125 0.0224609375 0.0546875 0.044921875
0 0.9248046875 0.4853515625 0.150390625 0.287109375
0 0.86328125 0.5458984375 0.0859375 0.095703125
0 0.794921875 0.5302734375 0.06640625 0.083984375
0 0.7490234375 0.5615234375 0.103515625 0.103515625
0 0.8369140625 0.6611328125 0.107421875 0.091796875
0 0.9169921875 0.708984375 0.037109375 0.04296875
0 0.759765625 0.2509765625 0.1328125 0.107421875
0 0.818359375 0.3291015625 0.08984375 0.103515625
0 0.6572265625 0.283203125 0.115234375 0.1015625
0 0.54296875 0.3037109375 0.10546875 0.099609375
0 0.47265625 0.3505859375 0.05078125 0.068359375
0 0.3232421875 0.3779296875 0.130859375 0.119140625
0 0.1240234375 0.0380859375 0.095703125 0.076171875
0 0.025390625 0.056640625 0.05078125 0.08984375
0 0.1162109375 0.3515625 0.197265625 0.11328125
0 0.1318359375 0.4560546875 0.138671875 0.103515625
0 0.1513671875 0.5341796875 0.166015625 0.138671875
0 0.1513671875 0.669921875 0.158203125 0.140625
0 0.26953125 0.8671875 0.13671875 0.11328125
0 0.5654296875 0.9501953125 0.068359375 0.076171875
0 0.3955078125 0.9296875 0.150390625 0.12890625
0 0.2080078125 0.9287109375 0.169921875 0.142578125
0 0.0390625 0.76171875 0.0390625 0.0546875
0 0.0595703125 0.90234375 0.041015625 0.05078125
0 0.6865234375 0.572265625 0.103515625 0.08203125
0 0.3173828125 0.9365234375 0.072265625 0.095703125