0 0.1015625 0.0634765625 0.203125 0.126953125
0 0.994140625 0.8388671875 0.01171875 0.064453125
0 0.8583984375 0.7958984375 0.091796875 0.068359375
0 0.7919921875 0.8515625 0.080078125 0.12109375
0 0.7822265625 0.7626953125 0.064453125 0.080078125
0 0.818359375 0.47265625 0.1953125 0.125
0 0.7705078125 0.5615234375 0.193359375 0.158203125
0 0.3505859375 0.7470703125 0.087890625 0.080078125
0 0.2724609375 0.759765625 0.095703125 0.0859375
0 0.0595703125 0.4853515625 0.119140625 0.287109375
0 0.1943359375 0.8681640625 0.072265625 0.068359375
0 0.2060546875 0.9501953125 0.056640625 0.056640625
0 0.7314453125 0.2060546875 0.060546875 0.076171875