0 0.5517578125 0.0673828125 0.142578125 0.134765625
0 0.94921875 0.0478515625 0.1015625 0.095703125
0 0.8984375 0.0556640625 0.16015625 0.111328125
0 0.9365234375 0.1630859375 0.126953125 0.173828125
0 0.783203125 0.1591796875 0.08984375 0.095703125
0 0.6376953125 0.203125 0.041015625 0.0546875
0 0.4599609375 0.3310546875 0.044921875 0.041015625
0 0.7666015625 0.3134765625 0.119140625 0.103515625
0 0.775390625 0.5576171875 0.44921875 0.419921875
0 0.9951171875 0.396484375 0.009765625 0.16796875
0 0.939453125 0.869140625 0.12109375 0.16015625
0 0.521484375 0.9150390625 0.234375 0.169921875
0 0.6787109375 0.908203125 0.251953125 0.18359375
0 0.546875 0.73046875 0.2109375 0.265625
0 0.271484375 0.8232421875 0.37890625 0.349609375
0 0.2763671875 0.4150390625 0.095703125 0.064453125
0 0.1982421875 0.435546875 0.076171875 0.06640625
0 0.029296875 0.8388671875 0.05859375 0.064453125
0 0.388671875 0.98828125 0.17578125 0.0234375
0 0.95703125 0.9755859375 0.0859375 0.048828125