0 0.10546875 0.0478515625 0.2109375 0.095703125
0 0.29296875 0.0185546875 0.140625 0.037109375
0 0.080078125 0.1630859375 0.16015625 0.173828125
0 0.3544921875 0.208984375 0.291015625 0.26953125
0 0.5263671875 0.3232421875 0.099609375 0.142578125
0 0.029296875 0.5576171875 0.05859375 0.419921875
0 0.0703125 0.396484375 0.140625 0.16796875
0 0.2421875 0.4130859375 0.25390625 0.228515625
0 0.1904296875 0.55859375 0.146484375 0.125
0 0.4130859375 0.62890625 0.162109375 0.15234375
0 0.5380859375 0.6337890625 0.091796875 0.107421875
0 0.4794921875 0.416015625 0.083984375 0.08984375
0 0.46484375 0.513671875 0.0703125 0.0625
0 0.9365234375 0.353515625 0.126953125 0.2265625
0 0.9921875 0.791015625 0.015625 0.21484375
0 0.8662109375 0.8486328125 0.259765625 0.255859375
0 0.40234375 0.9169921875 0.16796875 0.142578125
0 0.01171875 0.869140625 0.0234375 0.16015625
0 0.1142578125 0.9755859375 0.228515625 0.048828125