0 0.0615234375 0.0654296875 0.072265625 0.076171875
0 0.9140625 0.0224609375 0.171875 0.044921875
0 0.6298828125 0.099609375 0.146484375 0.16796875
0 0.4736328125 0.1181640625 0.232421875 0.205078125
0 0.03125 0.61328125 0.0625 0.171875
0 0.1416015625 0.4814453125 0.181640625 0.177734375
0 0.1748046875 0.6298828125 0.146484375 0.185546875
0 0.201171875 0.359375 0.18359375 0.140625
0 0.357421875 0.302734375 0.20703125 0.21484375
0 0.5283203125 0.287109375 0.177734375 0.140625
0 0.7470703125 0.23828125 0.248046875 0.2265625
0 0.923828125 0.3232421875 0.15234375 0.224609375
0 0.923828125 0.525390625 0.15234375 0.234375
0 0.9716796875 0.7451171875 0.056640625 0.212890625
0 0.923828125 0.9326171875 0.09375 0.111328125
0 0.173828125 0.80859375 0.16015625 0.17578125
0 0.20703125 0.9521484375 0.10546875 0.091796875