0 0.0322265625 0.0224609375 0.064453125 0.044921875
0 0.7255859375 0.033203125 0.134765625 0.06640625
0 0.7001953125 0.1103515625 0.134765625 0.134765625
0 0.6298828125 0.029296875 0.119140625 0.05859375
0 0.990234375 0.146484375 0.01953125 0.07421875
0 0.8466796875 0.1552734375 0.115234375 0.080078125
0 0.0458984375 0.3232421875 0.091796875 0.224609375
0 0.056640625 0.525390625 0.11328125 0.234375
0 0.2177734375 0.1162109375 0.267578125 0.232421875
0 0.26953125 0.4521484375 0.1640625 0.154296875
0 0.9267578125 0.783203125 0.146484375 0.265625
0 0.8916015625 0.625 0.083984375 0.078125
0 0.9560546875 0.625 0.052734375 0.05859375
0 0.9716796875 0.6484375 0.056640625 0.08203125
0 0.9404296875 0.66015625 0.072265625 0.08203125
0 0.9814453125 0.607421875 0.037109375 0.12109375
0 0.98046875 0.9580078125 0.0390625 0.083984375
0 0.3134765625 0.8212890625 0.162109375 0.189453125
0 0.0703125 0.7451171875 0.140625 0.212890625
0 0.3349609375 0.9423828125 0.115234375 0.115234375
0 0.4052734375 0.8291015625 0.072265625 0.107421875