0 0.166015625 0.12109375 0.0390625 0.0390625
0 0.0869140625 0.1298828125 0.044921875 0.044921875
0 0.029296875 0.146484375 0.05859375 0.07421875
0 0.296875 0.0712890625 0.1015625 0.130859375
0 0.5126953125 0.2177734375 0.236328125 0.244140625
0 0.513671875 0.3837890625 0.24609375 0.181640625
0 0.5478515625 0.52734375 0.248046875 0.1640625
0 0.931640625 0.1240234375 0.13671875 0.208984375
0 0.9423828125 0.2255859375 0.115234375 0.103515625
0 0.990234375 0.2705078125 0.01953125 0.150390625
0 0.8740234375 0.27734375 0.166015625 0.12890625
0 0.9384765625 0.3623046875 0.123046875 0.146484375
0 0.8369140625 0.76171875 0.130859375 0.18359375
0 0.5849609375 0.703125 0.337890625 0.28515625
0 0.1201171875 0.65625 0.095703125 0.1015625
0 0.1396484375 0.775390625 0.142578125 0.1640625
0 0.0625 0.783203125 0.125 0.265625
0 0.01171875 0.6484375 0.0234375 0.08203125
0 0.03515625 0.607421875 0.0703125 0.12109375
0 0.0693359375 0.9580078125 0.138671875 0.083984375