0 0.0283203125 0.1240234375 0.056640625 0.208984375
0 0.015625 0.2255859375 0.03125 0.103515625
0 0.0654296875 0.2705078125 0.130859375 0.150390625
0 0.0126953125 0.3623046875 0.025390625 0.146484375
0 0.15625 0.5322265625 0.07421875 0.076171875
0 0.341796875 0.193359375 0.0703125 0.078125
0 0.4228515625 0.06640625 0.056640625 0.078125
0 0.833984375 0.955078125 0.27734375 0.08984375
0 0.9521484375 0.9951171875 0.095703125 0.009765625
0 0.1884765625 0.7607421875 0.099609375 0.099609375
0 0.2890625 0.8486328125 0.08984375 0.103515625
0 0.2373046875 0.7685546875 0.048828125 0.052734375
0 0.1513671875 0.86328125 0.072265625 0.0625
0 0.2109375 0.8544921875 0.05078125 0.052734375