0 0.439453125 0.052734375 0.3125 0.10546875
0 0.1796875 0.1162109375 0.05859375 0.052734375
0 0.466796875 0.2021484375 0.1875 0.142578125
0 0.4970703125 0.4658203125 0.072265625 0.072265625
0 0.57421875 0.533203125 0.0859375 0.0703125
0 0.5654296875 0.59375 0.044921875 0.0546875
0 0.66796875 0.6240234375 0.12109375 0.115234375
0 0.5947265625 0.6767578125 0.037109375 0.044921875
0 0.9912109375 0.498046875 0.017578125 0.0546875
0 0.9658203125 0.798828125 0.068359375 0.140625
0 0.6708984375 0.84765625 0.138671875 0.10546875
0 0.884765625 0.9580078125 0.1171875 0.083984375
0 0.3466796875 0.818359375 0.130859375 0.12890625
0 0.287109375 0.6376953125 0.1796875 0.142578125
0 0.283203125 0.9130859375 0.203125 0.150390625
0 0.12109375 0.9453125 0.17578125 0.109375
0 0.0478515625 0.9951171875 0.095703125 0.009765625
0 0.2880859375 0.9775390625 0.291015625 0.044921875