0 0.955078125 0.0322265625 0.08984375 0.064453125
0 0.7294921875 0.0048828125 0.103515625 0.009765625
0 0.818359375 0.103515625 0.08203125 0.08984375
0 0.5947265625 0.0341796875 0.111328125 0.068359375
0 0.021484375 0.498046875 0.04296875 0.0546875
0 0.080078125 0.5009765625 0.1015625 0.072265625
0 0.166015625 0.4990234375 0.140625 0.091796875
0 0.029296875 0.65234375 0.05078125 0.0703125
0 0.0712890625 0.798828125 0.142578125 0.140625
0 0.19921875 0.775390625 0.16015625 0.125
0 0.275390625 0.6298828125 0.09375 0.119140625
0 0.3994140625 0.759765625 0.138671875 0.12109375
0 0.419921875 0.029296875 0.0859375 0.05859375
0 0.9833984375 0.31640625 0.033203125 0.1171875
0 0.8408203125 0.2431640625 0.044921875 0.052734375
0 0.9853515625 0.490234375 0.029296875 0.1640625
0 0.9150390625 0.587890625 0.103515625 0.12109375
0 0.78515625 0.6943359375 0.08203125 0.064453125
0 0.484375 0.9609375 0.18359375 0.078125
0 0.6357421875 0.951171875 0.205078125 0.09765625
0 0.7734375 0.9990234375 0.0625 0.001953125
0 0.9296875 0.935546875 0.109375 0.12890625
0 0.9921875 0.9423828125 0.015625 0.115234375