0 0.7236328125 0.2607421875 0.134765625 0.150390625
0 0.978515625 0.4306640625 0.04296875 0.044921875
0 0.87890625 0.466796875 0.08203125 0.078125
0 0.419921875 0.4365234375 0.140625 0.142578125
0 0.556640625 0.5751953125 0.32421875 0.287109375
0 0.380859375 0.6240234375 0.05078125 0.052734375
0 0.9443359375 0.6552734375 0.111328125 0.205078125
0 0.2470703125 0.66015625 0.068359375 0.06640625
0 0.095703125 0.7021484375 0.0390625 0.041015625
0 0.0771484375 0.44140625 0.041015625 0.046875
0 0.9892578125 0.802734375 0.021484375 0.1640625