0 0.798828125 0.0458984375 0.14453125 0.091796875
0 0.5703125 0.05859375 0.15625 0.1171875
0 0.5966796875 0.16015625 0.173828125 0.16015625
0 0.349609375 0.0595703125 0.078125 0.076171875
0 0.357421875 0.154296875 0.078125 0.08984375
0 0.2421875 0.1142578125 0.09375 0.076171875
0 0.267578125 0.18359375 0.09765625 0.08984375
0 0.3271484375 0.6953125 0.107421875 0.125
0 0.6123046875 0.3447265625 0.130859375 0.216796875
0 0.734375 0.421875 0.1875 0.1875
0 0.75390625 0.5771484375 0.14453125 0.146484375
0 0.763671875 0.267578125 0.0859375 0.0859375
0 0.7802734375 0.3701171875 0.076171875 0.072265625
0 0.70703125 0.3056640625 0.0859375 0.095703125
0 0.830078125 0.2275390625 0.125 0.123046875
0 0.919921875 0.35546875 0.1171875 0.109375
0 0.9228515625 0.2568359375 0.095703125 0.099609375
0 0.9462890625 0.1728515625 0.080078125 0.060546875
0 0.9716796875 0.4033203125 0.056640625 0.189453125
0 0.7392578125 0.7861328125 0.193359375 0.181640625
0 0.755859375 0.9375 0.1953125 0.125