0 0.98046875 0.0498046875 0.0390625 0.099609375
0 0.078125 0.05859375 0.15625 0.1015625
0 0.3349609375 0.0 0.115234375 0.0
0 0.3525390625 0.1259765625 0.185546875 0.189453125
0 0.39453125 0.453125 0.12890625 0.140625
0 0.4033203125 0.5859375 0.158203125 0.16796875
0 0.4638671875 0.103515625 0.158203125 0.15625
0 0.619140625 0.05859375 0.0703125 0.078125
0 0.927734375 0.9287109375 0.14453125 0.142578125
0 0.4306640625 0.7275390625 0.115234375 0.123046875
0 0.4453125 0.841796875 0.11328125 0.1015625
0 0.4931640625 0.9150390625 0.091796875 0.087890625
0 0.609375 0.9345703125 0.16796875 0.130859375