0 0.833984375 0.0546875 0.27734375 0.109375
0 0.9521484375 0.0703125 0.095703125 0.140625
0 0.2109375 0.265625 0.34375 0.3203125
0 0.0595703125 0.4541015625 0.119140625 0.259765625
0 0.0322265625 0.6513671875 0.064453125 0.103515625
0 0.1181640625 0.62890625 0.095703125 0.09375
0 0.201171875 0.615234375 0.0625 0.0703125
0 0.0439453125 0.73046875 0.087890625 0.0703125
0 0.064453125 0.798828125 0.12890625 0.13671875
0 0.62109375 0.1806640625 0.21484375 0.208984375
0 0.7177734375 0.5283203125 0.115234375 0.177734375
0 0.8408203125 0.1552734375 0.111328125 0.107421875
0 0.97265625 0.171875 0.0546875 0.19140625
0 0.7294921875 0.64453125 0.103515625 0.09375
0 0.7431640625 0.7216796875 0.107421875 0.107421875
0 0.755859375 0.8076171875 0.1171875 0.111328125
0 0.9326171875 0.7451171875 0.060546875 0.072265625
0 0.466796875 0.783203125 0.15625 0.16796875
0 0.3193359375 0.8115234375 0.162109375 0.162109375
0 0.2958984375 0.9541015625 0.181640625 0.091796875