0 0.884765625 0.01171875 0.1171875 0.0234375
0 0.916015625 0.0595703125 0.0859375 0.095703125
0 0.12109375 0.009765625 0.17578125 0.01953125
0 0.0478515625 0.0703125 0.095703125 0.140625
0 0.078125 0.171875 0.15625 0.19140625
0 0.2880859375 0.119140625 0.291015625 0.23828125
0 0.369140625 0.208984375 0.04296875 0.046875
0 0.337890625 0.2802734375 0.09375 0.099609375
0 0.302734375 0.5908203125 0.11328125 0.123046875
0 0.4736328125 0.2763671875 0.212890625 0.228515625
0 0.5263671875 0.46875 0.216796875 0.17578125
0 0.541015625 0.623046875 0.19140625 0.16015625
0 0.69140625 0.71484375 0.0546875 0.06640625
0 0.4892578125 0.7587890625 0.025390625 0.037109375
0 0.5439453125 0.810546875 0.091796875 0.109375
0 0.5869140625 0.9931640625 0.068359375 0.013671875