0 0.01953125 0.068359375 0.02734375 0.03125
0 0.484375 0.0556640625 0.18359375 0.111328125
0 0.6357421875 0.0595703125 0.205078125 0.119140625
0 0.7734375 0.0234375 0.0625 0.046875
0 0.9296875 0.0078125 0.109375 0.015625
0 0.9921875 0.009765625 0.015625 0.01953125
0 0.9814453125 0.6591796875 0.037109375 0.072265625
0 0.9404296875 0.646484375 0.064453125 0.05078125
0 0.5009765625 0.5234375 0.048828125 0.046875
0 0.51171875 0.5732421875 0.0703125 0.056640625
0 0.5771484375 0.751953125 0.201171875 0.1640625
0 0.3525390625 0.779296875 0.189453125 0.1875
0 0.2724609375 0.783203125 0.099609375 0.10546875
0 0.267578125 0.6357421875 0.1015625 0.107421875
0 0.0791015625 0.7421875 0.056640625 0.046875
0 0.0263671875 0.9267578125 0.044921875 0.044921875
0 0.0576171875 0.9794921875 0.107421875 0.041015625
0 0.4619140625 0.9296875 0.037109375 0.0234375