0 0.09375 0.009765625 0.1875 0.01953125
0 0.390625 0.2470703125 0.109375 0.099609375
0 0.4267578125 0.3681640625 0.126953125 0.138671875
0 0.4619140625 0.46875 0.111328125 0.1015625
0 0.9423828125 0.4326171875 0.037109375 0.044921875
0 0.9404296875 0.76953125 0.060546875 0.05859375
0 0.76171875 0.7734375 0.046875 0.05859375
0 0.80859375 0.751953125 0.05078125 0.03125
0 0.83984375 0.7724609375 0.0390625 0.037109375
0 0.6396484375 0.4912109375 0.166015625 0.150390625
0 0.224609375 0.58984375 0.19140625 0.1328125
0 0.0205078125 0.6591796875 0.041015625 0.072265625
0 0.41796875 0.8564453125 0.08203125 0.064453125
0 0.1220703125 0.7822265625 0.095703125 0.072265625
0 0.1162109375 0.685546875 0.119140625 0.1171875
0 0.142578125 0.8330078125 0.08203125 0.072265625