0 0.619140625 0.12890625 0.12109375 0.08203125
0 0.97265625 0.3193359375 0.0546875 0.048828125
0 0.947265625 0.2705078125 0.10546875 0.068359375
0 0.94921875 0.3779296875 0.1015625 0.119140625
0 0.943359375 0.5009765625 0.11328125 0.130859375
0 0.705078125 0.4599609375 0.06640625 0.060546875
0 0.7763671875 0.5224609375 0.146484375 0.123046875
0 0.83203125 0.59765625 0.06640625 0.0625
0 0.1083984375 0.5341796875 0.064453125 0.060546875
0 0.12890625 0.6123046875 0.09765625 0.099609375
0 0.1103515625 0.7236328125 0.123046875 0.130859375
0 0.1083984375 0.900390625 0.068359375 0.0625
0 0.142578125 0.951171875 0.13671875 0.09765625
0 0.78515625 0.9345703125 0.12109375 0.130859375
0 0.8759765625 0.9755859375 0.150390625 0.048828125
0 0.96875 0.9541015625 0.0625 0.091796875