0 0.755859375 0.0361328125 0.1953125 0.072265625
0 0.7978515625 0.1650390625 0.142578125 0.189453125
0 0.8369140625 0.337890625 0.080078125 0.1015625
0 0.857421875 0.451171875 0.09375 0.05859375
0 0.5478515625 0.310546875 0.060546875 0.07421875
0 0.103515625 0.7294921875 0.0703125 0.072265625
0 0.3037109375 0.6943359375 0.115234375 0.107421875
0 0.59375 0.5869140625 0.11328125 0.123046875
0 0.6201171875 0.7626953125 0.259765625 0.201171875
0 0.6611328125 0.955078125 0.041015625 0.06640625
0 0.880859375 0.5732421875 0.2265625 0.236328125
0 1.0 0.7373046875 0.0 0.025390625
0 0.9755859375 0.8447265625 0.048828125 0.099609375
0 0.919921875 0.9775390625 0.16015625 0.044921875