0 0.947265625 0.251953125 0.10546875 0.109375
0 0.9697265625 0.1796875 0.060546875 0.1171875
0 0.9716796875 0.048828125 0.044921875 0.03515625
0 0.9453125 0.1025390625 0.05078125 0.044921875
0 0.9990234375 0.09375 0.001953125 0.0546875
0 0.818359375 0.251953125 0.08984375 0.09375
0 0.73828125 0.2841796875 0.05859375 0.072265625
0 0.541015625 0.04296875 0.08203125 0.078125
0 0.55859375 0.3125 0.09765625 0.07421875
0 0.23828125 0.01953125 0.09375 0.0390625
0 0.1875 0.02734375 0.0859375 0.0546875
0 0.12890625 0.03515625 0.08984375 0.0703125
0 0.03515625 0.7646484375 0.0234375 0.025390625
0 0.0107421875 0.7373046875 0.021484375 0.025390625
0 0.0244140625 0.8447265625 0.048828125 0.099609375
0 0.0224609375 0.9775390625 0.044921875 0.044921875
0 0.5029296875 0.8876953125 0.083984375 0.091796875
0 0.65625 0.689453125 0.0390625 0.046875