0 0.2958984375 0.0244140625 0.181640625 0.048828125
0 0.439453125 0.0908203125 0.21875 0.173828125
0 0.3525390625 0.2060546875 0.185546875 0.193359375
0 0.2119140625 0.1328125 0.173828125 0.19140625
0 0.546875 0.197265625 0.08203125 0.0859375
0 0.6806640625 0.3251953125 0.236328125 0.251953125
0 0.7109375 0.19140625 0.12890625 0.10546875
0 0.3115234375 0.4931640625 0.107421875 0.107421875
0 0.306640625 0.58203125 0.0703125 0.07421875
0 0.4580078125 0.6064453125 0.091796875 0.099609375
0 0.576171875 0.4638671875 0.16015625 0.154296875
0 0.9091796875 0.4873046875 0.181640625 0.208984375
0 0.8583984375 0.82421875 0.146484375 0.171875