0 0.5869140625 0.048828125 0.068359375 0.09765625
0 0.009765625 0.4873046875 0.01953125 0.208984375
0 0.0703125 0.54296875 0.0625 0.0703125
0 0.236328125 0.224609375 0.20703125 0.2265625
0 0.166015625 0.376953125 0.0859375 0.1171875
0 0.28125 0.40234375 0.0625 0.0703125
0 0.3779296875 0.283203125 0.052734375 0.078125
0 0.435546875 0.2666015625 0.04296875 0.041015625
0 0.4912109375 0.2470703125 0.056640625 0.044921875
0 0.1875 0.453125 0.05859375 0.06640625
0 0.2275390625 0.5205078125 0.142578125 0.130859375
0 0.6279296875 0.23046875 0.166015625 0.1484375
0 0.5771484375 0.271484375 0.134765625 0.1328125
0 0.4814453125 0.3427734375 0.138671875 0.150390625
0 0.4140625 0.396484375 0.1171875 0.1171875
0 0.4228515625 0.50390625 0.056640625 0.0546875
0 0.4453125 0.564453125 0.0859375 0.08984375
0 0.3427734375 0.6494140625 0.189453125 0.189453125
0 0.6337890625 0.5439453125 0.271484375 0.349609375
0 0.57421875 0.76171875 0.125 0.140625
0 0.7099609375 0.841796875 0.212890625 0.1875
0 0.052734375 0.974609375 0.08984375 0.05078125
0 0.365234375 0.900390625 0.19140625 0.19921875
0 0.5234375 0.9384765625 0.3203125 0.123046875
0 0.8720703125 0.947265625 0.087890625 0.10546875
0 0.9375 0.98046875 0.0390625 0.0390625