0 0.0419921875 0.1611328125 0.083984375 0.111328125
0 0.0546875 0.2470703125 0.09765625 0.099609375
0 0.142578125 0.0263671875 0.13671875 0.052734375
0 0.203125 0.09375 0.1328125 0.16796875
0 0.21875 0.26171875 0.07421875 0.078125
0 0.3818359375 0.2060546875 0.060546875 0.060546875
0 0.609375 0.326171875 0.1171875 0.12890625
0 0.78515625 0.0068359375 0.12109375 0.013671875
0 0.8759765625 0.0849609375 0.150390625 0.169921875
0 0.96875 0.068359375 0.0625 0.13671875
0 0.94140625 0.248046875 0.1171875 0.25390625
0 0.962890625 0.3671875 0.07421875 0.16015625
0 0.7578125 0.3994140625 0.0625 0.072265625
0 0.6875 0.376953125 0.0546875 0.06640625
0 0.5498046875 0.4453125 0.099609375 0.109375
0 0.9111328125 0.8974609375 0.068359375 0.083984375
0 0.9794921875 0.966796875 0.041015625 0.06640625
0 0.3486328125 0.708984375 0.048828125 0.078125