0 0.919921875 0.0830078125 0.16015625 0.166015625
0 0.9736328125 0.197265625 0.052734375 0.08203125
0 0.1533203125 0.2470703125 0.080078125 0.087890625
0 0.046875 0.376953125 0.05859375 0.06640625
0 0.025390625 0.3154296875 0.05078125 0.072265625
0 0.07421875 0.421875 0.08203125 0.09375
0 0.0185546875 0.4775390625 0.037109375 0.083984375
0 0.26953125 0.45703125 0.0390625 0.04296875
0 0.314453125 0.4541015625 0.04296875 0.044921875
0 0.6181640625 0.423828125 0.111328125 0.078125
0 0.9296875 0.34375 0.140625 0.22265625
0 0.7294921875 0.4521484375 0.083984375 0.087890625
0 0.7900390625 0.693359375 0.326171875 0.390625
0 0.7109375 0.9052734375 0.04296875 0.037109375
0 0.6416015625 0.92578125 0.052734375 0.046875
0 0.5791015625 0.9453125 0.095703125 0.06640625
0 0.6279296875 0.98828125 0.060546875 0.0234375