0 0.052734375 0.0244140625 0.08984375 0.048828125
0 0.365234375 0.0 0.19140625 0.0
0 0.5234375 0.0986328125 0.3203125 0.197265625
0 0.3701171875 0.26171875 0.318359375 0.25
0 0.740234375 0.27734375 0.1953125 0.1640625
0 0.8720703125 0.009765625 0.087890625 0.01953125
0 0.9375 0.0087890625 0.0390625 0.017578125
0 0.9970703125 0.4521484375 0.005859375 0.029296875
0 0.998046875 0.6640625 0.00390625 0.09375
0 0.970703125 0.7197265625 0.05859375 0.091796875
0 0.9345703125 0.7509765625 0.087890625 0.087890625
0 0.93359375 0.6005859375 0.1328125 0.181640625
0 0.8662109375 0.5009765625 0.130859375 0.087890625
0 0.830078125 0.416015625 0.203125 0.13671875
0 0.59375 0.328125 0.05078125 0.046875
0 0.66015625 0.376953125 0.078125 0.05859375
0 0.716796875 0.4755859375 0.09765625 0.103515625
0 0.7275390625 0.4296875 0.087890625 0.08203125
0 0.5087890625 0.4111328125 0.095703125 0.083984375
0 0.65234375 0.490234375 0.09765625 0.109375
0 0.474609375 0.748046875 0.04296875 0.04296875
0 0.134765625 0.6845703125 0.0546875 0.083984375