0 0.0361328125 0.0390625 0.044921875 0.03515625
0 0.126953125 0.033203125 0.078125 0.06640625
0 0.16796875 0.119140625 0.04296875 0.0703125
0 0.41796875 0.138671875 0.05078125 0.0625
0 0.4853515625 0.22265625 0.072265625 0.0625
0 0.4345703125 0.2763671875 0.056640625 0.052734375
0 0.5888671875 0.1279296875 0.048828125 0.056640625
0 0.671875 0.0048828125 0.046875 0.009765625
0 0.6494140625 0.2822265625 0.189453125 0.220703125
0 0.7197265625 0.4326171875 0.091796875 0.095703125
0 0.998046875 0.14453125 0.00390625 0.0546875
0 0.3291015625 0.6318359375 0.283203125 0.337890625
0 0.8408203125 0.853515625 0.076171875 0.07421875
0 0.509765625 0.853515625 0.125 0.09765625
0 0.3564453125 0.8828125 0.126953125 0.1015625
0 0.0478515625 0.427734375 0.029296875 0.02734375
0 0.009765625 0.4521484375 0.01953125 0.029296875
0 0.138671875 0.5654296875 0.03125 0.033203125
0 0.0537109375 0.6640625 0.107421875 0.09375
0 0.12109375 0.7197265625 0.125 0.107421875
0 0.015625 0.7197265625 0.03125 0.091796875
0 0.01171875 0.6005859375 0.0234375 0.181640625
0 0.6923828125 0.9482421875 0.033203125 0.044921875