0 0.0341796875 0.14453125 0.068359375 0.0546875
0 0.1240234375 0.0244140625 0.033203125 0.048828125
0 0.1572265625 0.1787109375 0.095703125 0.134765625
0 0.0927734375 0.1923828125 0.099609375 0.123046875
0 0.1416015625 0.341796875 0.158203125 0.16015625
0 0.0703125 0.259765625 0.05859375 0.0859375
0 0.365234375 0.14453125 0.24609375 0.28125
0 0.2392578125 0.2158203125 0.080078125 0.123046875
0 0.28515625 0.271484375 0.12109375 0.11328125
0 0.2890625 0.3759765625 0.13671875 0.099609375
0 0.3173828125 0.416015625 0.072265625 0.08203125
0 0.4599609375 0.478515625 0.177734375 0.2734375
0 0.5302734375 0.2353515625 0.072265625 0.068359375
0 0.6201171875 0.158203125 0.083984375 0.1015625
0 0.72265625 0.1591796875 0.12890625 0.134765625
0 0.787109375 0.1103515625 0.10546875 0.111328125
0 0.8583984375 0.09765625 0.048828125 0.0703125
0 0.873046875 0.404296875 0.0625 0.05078125
0 0.9814453125 0.5341796875 0.037109375 0.068359375
0 0.875 0.6279296875 0.1875 0.185546875
0 0.775390625 0.6923828125 0.1875 0.189453125
0 0.7919921875 0.5458984375 0.087890625 0.072265625
0 0.779296875 0.4541015625 0.15234375 0.111328125
0 0.5029296875 0.7294921875 0.091796875 0.087890625
0 0.3974609375 0.748046875 0.056640625 0.05859375
0 0.43359375 0.689453125 0.046875 0.04296875
0 0.4970703125 0.6572265625 0.083984375 0.060546875
0 0.5166015625 0.791015625 0.064453125 0.0625
0 0.5322265625 0.861328125 0.083984375 0.0859375
0 0.572265625 0.6572265625 0.0546875 0.052734375
0 0.58203125 0.7041015625 0.0390625 0.052734375
0 0.1787109375 0.96484375 0.275390625 0.0703125
0 0.693359375 0.978515625 0.0625 0.04296875