0 0.9794921875 0.0048828125 0.041015625 0.009765625
0 0.1845703125 0.412109375 0.115234375 0.1484375
0 0.248046875 0.0634765625 0.109375 0.119140625
0 0.162109375 0.1142578125 0.1171875 0.130859375
0 0.2939453125 0.1494140625 0.126953125 0.146484375
0 0.251953125 0.2548828125 0.1015625 0.130859375
0 0.46484375 0.1240234375 0.1796875 0.193359375
0 0.3720703125 0.1806640625 0.123046875 0.138671875
0 0.3818359375 0.06640625 0.099609375 0.09765625
0 0.3955078125 0.2666015625 0.080078125 0.083984375
0 0.3466796875 0.341796875 0.068359375 0.06640625
0 0.392578125 0.4013671875 0.203125 0.173828125
0 0.4599609375 0.3037109375 0.091796875 0.099609375
0 0.6474609375 0.15234375 0.099609375 0.11328125
0 0.7001953125 0.0224609375 0.041015625 0.041015625
0 0.927734375 0.7294921875 0.11328125 0.083984375
0 0.9775390625 0.755859375 0.044921875 0.140625
0 0.94140625 0.8076171875 0.1171875 0.119140625
0 0.6220703125 0.841796875 0.076171875 0.0703125
0 0.580078125 0.853515625 0.0703125 0.0703125
0 0.6337890625 0.892578125 0.083984375 0.0625
0 0.529296875 0.8896484375 0.05859375 0.056640625
0 0.3916015625 0.8291015625 0.072265625 0.060546875
0 0.4306640625 0.9072265625 0.095703125 0.119140625
0 0.546875 0.9462890625 0.13671875 0.107421875
0 0.1015625 0.4609375 0.0703125 0.1171875
0 0.0419921875 0.4814453125 0.068359375 0.080078125
0 0.375 0.5859375 0.07421875 0.06640625
0 0.015625 0.5341796875 0.03125 0.068359375
0 0.3046875 0.9873046875 0.234375 0.025390625
0 0.1435546875 0.9658203125 0.052734375 0.044921875
0 0.9716796875 0.9794921875 0.056640625 0.041015625
0 0.876953125 0.998046875 0.0703125 0.00390625