0 0.6279296875 0.01171875 0.060546875 0.0234375
0 0.375 0.3046875 0.05859375 0.0625
0 0.5107421875 0.203125 0.064453125 0.0546875
0 0.51953125 0.1689453125 0.04296875 0.029296875
0 0.486328125 0.2314453125 0.0546875 0.048828125
0 0.455078125 0.2724609375 0.0625 0.060546875
0 0.4208984375 0.3173828125 0.064453125 0.052734375
0 0.6689453125 0.4931640625 0.205078125 0.189453125
0 0.587890625 0.5576171875 0.08203125 0.087890625
0 0.775390625 0.3232421875 0.1796875 0.169921875
0 0.9208984375 0.3876953125 0.158203125 0.314453125
0 0.5986328125 0.7109375 0.138671875 0.16015625
0 0.6796875 0.7685546875 0.125 0.158203125
0 0.423828125 0.83203125 0.2265625 0.25
0 0.7392578125 0.9560546875 0.056640625 0.056640625
0 0.123046875 0.83203125 0.0859375 0.078125
0 0.6943359375 0.9853515625 0.068359375 0.029296875