0 0.294921875 0.005859375 0.06640625 0.01171875
0 0.0517578125 0.3876953125 0.103515625 0.314453125
0 0.154296875 0.09375 0.09765625 0.109375
0 0.1943359375 0.240234375 0.091796875 0.11328125
0 0.279296875 0.4111328125 0.1015625 0.107421875
0 0.341796875 0.3974609375 0.03515625 0.041015625
0 0.3955078125 0.3857421875 0.037109375 0.033203125
0 0.4482421875 0.3671875 0.037109375 0.03125
0 0.5 0.361328125 0.046875 0.04296875
0 0.3427734375 0.556640625 0.087890625 0.08984375
0 0.451171875 0.572265625 0.125 0.09765625
0 0.447265625 0.71484375 0.14453125 0.140625
0 0.69140625 0.8408203125 0.12890625 0.123046875
0 0.5419921875 0.896484375 0.208984375 0.19921875
0 0.2646484375 0.953125 0.134765625 0.09375
0 0.080078125 0.62890625 0.1484375 0.1640625