0 0.6083984375 0.0947265625 0.103515625 0.119140625
0 0.5234375 0.466796875 0.14453125 0.12109375
0 0.6298828125 0.7666015625 0.103515625 0.123046875
0 0.580078125 0.5498046875 0.09375 0.091796875
0 0.484375 0.5615234375 0.09765625 0.123046875
0 0.548828125 0.6396484375 0.09765625 0.103515625
0 0.26953125 0.6416015625 0.0703125 0.060546875
0 0.6044921875 0.67578125 0.087890625 0.0859375
0 0.6083984375 0.2177734375 0.041015625 0.044921875
0 0.0185546875 0.8857421875 0.037109375 0.228515625
0 0.1826171875 0.984375 0.150390625 0.03125
0 0.1650390625 0.9677734375 0.076171875 0.048828125
0 0.2763671875 0.9765625 0.080078125 0.046875
0 0.3984375 0.9609375 0.1171875 0.078125
0 0.501953125 0.9501953125 0.10546875 0.099609375
0 0.5478515625 0.9765625 0.123046875 0.046875
0 0.650390625 0.8935546875 0.13671875 0.123046875