0 0.2197265625 0.400390625 0.205078125 0.25390625
0 0.3759765625 0.412109375 0.123046875 0.15234375
0 0.6767578125 0.1787109375 0.189453125 0.216796875
0 0.76953125 0.3740234375 0.05859375 0.060546875
0 0.8544921875 0.4169921875 0.107421875 0.095703125
0 0.9814453125 0.609375 0.037109375 0.0625
0 0.96875 0.533203125 0.0625 0.06640625
0 0.44140625 0.7529296875 0.09375 0.087890625
0 0.333984375 0.798828125 0.12109375 0.125
0 0.23046875 0.7978515625 0.06640625 0.083984375
0 0.1376953125 0.8466796875 0.064453125 0.087890625
0 0.2119140625 0.97265625 0.087890625 0.0546875
0 0.8056640625 0.4609375 0.080078125 0.08984375
0 0.8388671875 0.943359375 0.130859375 0.11328125
0 0.95703125 0.8984375 0.0859375 0.140625
0 0.97265625 0.9638671875 0.0546875 0.072265625