0 0.3037109375 0.1689453125 0.224609375 0.193359375
0 0.396484375 0.115234375 0.1484375 0.15234375
0 0.546875 0.154296875 0.1875 0.24609375
0 0.552734375 0.337890625 0.10546875 0.1015625
0 0.734375 0.3603515625 0.1484375 0.134765625
0 0.693359375 0.435546875 0.10546875 0.10546875
0 0.6923828125 0.0068359375 0.138671875 0.013671875
0 0.8623046875 0.2265625 0.044921875 0.05078125
0 0.931640625 0.166015625 0.13671875 0.14453125
0 0.845703125 0.802734375 0.16796875 0.11328125
0 0.8125 0.9140625 0.08984375 0.078125
0 0.09375 0.611328125 0.09765625 0.1015625
0 0.015625 0.609375 0.03125 0.0625
0 0.0009765625 0.533203125 0.001953125 0.06640625
0 0.0595703125 0.3154296875 0.056640625 0.044921875
0 0.0107421875 0.8984375 0.021484375 0.140625
0 0.0263671875 0.9638671875 0.052734375 0.072265625
0 0.5537109375 0.93359375 0.107421875 0.09765625
0 0.5791015625 0.9853515625 0.099609375 0.029296875
0 0.84765625 0.9658203125 0.10546875 0.068359375