0 0.0009765625 0.166015625 0.001953125 0.14453125
0 0.1220703125 0.1435546875 0.146484375 0.150390625
0 0.2314453125 0.138671875 0.111328125 0.14453125
0 0.224609375 0.2509765625 0.16015625 0.154296875
0 0.3466796875 0.37890625 0.162109375 0.15234375
0 0.3330078125 0.2060546875 0.123046875 0.158203125
0 0.876953125 0.75390625 0.12109375 0.12890625
0 0.9638671875 0.7421875 0.072265625 0.13671875
0 0.978515625 0.7265625 0.04296875 0.12890625
0 0.9990234375 0.5205078125 0.001953125 0.064453125
0 0.56640625 0.548828125 0.04296875 0.04296875
0 0.640625 0.5888671875 0.046875 0.056640625
0 0.7060546875 0.5966796875 0.029296875 0.048828125
0 0.6669921875 0.83984375 0.119140625 0.109375
0 0.3701171875 0.5341796875 0.177734375 0.158203125
0 0.4130859375 0.6865234375 0.166015625 0.185546875
0 0.15625 0.7646484375 0.0859375 0.060546875
0 0.193359375 0.837890625 0.16796875 0.171875
0 0.1689453125 0.998046875 0.123046875 0.00390625
0 0.9892578125 0.984375 0.021484375 0.03125