0 0.19140625 0.4189453125 0.078125 0.083984375
0 0.2529296875 0.3525390625 0.083984375 0.087890625
0 0.3232421875 0.4462890625 0.056640625 0.060546875
0 0.4111328125 0.3955078125 0.146484375 0.154296875
0 0.4267578125 0.55859375 0.048828125 0.0625
0 0.3154296875 0.5390625 0.052734375 0.0546875
0 0.3779296875 0.548828125 0.060546875 0.06640625
0 0.44140625 0.744140625 0.1875 0.1875
0 0.3720703125 0.66796875 0.146484375 0.12109375
0 0.7451171875 0.8349609375 0.080078125 0.068359375
0 0.81640625 0.8681640625 0.046875 0.060546875
0 0.7607421875 0.9052734375 0.080078125 0.076171875
0 0.8486328125 0.9091796875 0.064453125 0.060546875
0 0.9375 0.896484375 0.05859375 0.06640625
0 0.3212890625 0.7705078125 0.076171875 0.083984375
0 0.279296875 0.8603515625 0.078125 0.095703125
0 0.3564453125 0.857421875 0.091796875 0.0859375
0 0.4345703125 0.8916015625 0.060546875 0.037109375
0 0.3779296875 0.908203125 0.052734375 0.03125
0 0.00390625 0.7421875 0.0078125 0.13671875
0 0.03125 0.7265625 0.0625 0.12890625
0 0.1943359375 0.5341796875 0.056640625 0.056640625
0 0.1591796875 0.490234375 0.044921875 0.0625
0 0.109375 0.5185546875 0.0703125 0.044921875
0 0.0419921875 0.5205078125 0.083984375 0.064453125
0 0.07421875 0.712890625 0.0859375 0.08984375
0 0.0361328125 0.984375 0.072265625 0.03125
0 0.2783203125 0.990234375 0.123046875 0.01953125
0 0.599609375 0.890625 0.046875 0.04296875