0 0.546875 0.0244140625 0.13671875 0.048828125
0 0.3046875 0.1181640625 0.234375 0.236328125
0 0.0654296875 0.0771484375 0.068359375 0.060546875
0 0.177734375 0.0712890625 0.0859375 0.111328125
0 0.22265625 0.35546875 0.0859375 0.07421875
0 0.3662109375 0.345703125 0.189453125 0.1640625
0 0.5673828125 0.4013671875 0.201171875 0.193359375
0 0.47265625 0.3623046875 0.1171875 0.130859375
0 0.4658203125 0.2197265625 0.119140625 0.166015625
0 0.5615234375 0.16796875 0.072265625 0.078125
0 0.64453125 0.13671875 0.0859375 0.1015625
0 0.69140625 0.1044921875 0.04296875 0.044921875
0 0.701171875 0.197265625 0.10546875 0.11328125
0 0.6025390625 0.2509765625 0.087890625 0.095703125
0 0.8388671875 0.1591796875 0.072265625 0.083984375
0 0.8408203125 0.103515625 0.056640625 0.05078125
0 0.9140625 0.107421875 0.0625 0.0546875
0 0.9716796875 0.0205078125 0.056640625 0.041015625
0 0.876953125 0.029296875 0.0703125 0.05859375
0 0.65234375 0.58984375 0.078125 0.08203125
0 0.5546875 0.4853515625 0.1171875 0.107421875
0 0.4384765625 0.779296875 0.064453125 0.0546875
0 0.0537109375 0.849609375 0.107421875 0.203125
0 0.3291015625 0.998046875 0.166015625 0.00390625