0 0.5869140625 0.0625 0.029296875 0.03125
0 0.6181640625 0.244140625 0.025390625 0.02734375
0 0.435546875 0.345703125 0.0859375 0.0703125
0 0.8681640625 0.287109375 0.056640625 0.06640625
0 0.970703125 0.609375 0.05859375 0.1328125
0 0.7724609375 0.6328125 0.076171875 0.078125
0 0.6650390625 0.5302734375 0.025390625 0.025390625
0 0.904296875 0.798828125 0.140625 0.14453125
0 0.623046875 0.9462890625 0.046875 0.072265625
0 0.5576171875 0.9189453125 0.072265625 0.076171875
0 0.3310546875 0.9619140625 0.056640625 0.076171875
0 0.353515625 0.8642578125 0.06640625 0.064453125
0 0.4580078125 0.8505859375 0.052734375 0.052734375
0 0.4208984375 0.66796875 0.064453125 0.0859375
0 0.216796875 0.6923828125 0.15625 0.146484375
0 0.107421875 0.9990234375 0.1328125 0.001953125
0 0.0166015625 0.912109375 0.033203125 0.140625
0 0.001953125 0.685546875 0.00390625 0.07421875