0 0.2646484375 0.013671875 0.134765625 0.02734375
0 0.224609375 0.2802734375 0.1015625 0.083984375
0 0.37109375 0.1044921875 0.15625 0.166015625
0 0.357421875 0.2314453125 0.05078125 0.048828125
0 0.359375 0.3125 0.0859375 0.078125
0 0.2626953125 0.3701171875 0.095703125 0.115234375
0 0.453125 0.23046875 0.15625 0.1640625
0 0.7255859375 0.177734375 0.083984375 0.0703125
0 0.927734375 0.162109375 0.14453125 0.17578125
0 0.978515625 0.2861328125 0.04296875 0.068359375
0 0.9521484375 0.373046875 0.095703125 0.125
0 0.8544921875 0.3828125 0.052734375 0.046875
0 0.966796875 0.5537109375 0.06640625 0.099609375
0 0.9150390625 0.462890625 0.060546875 0.0703125
0 0.458984375 0.4580078125 0.1484375 0.158203125
0 0.6748046875 0.5849609375 0.064453125 0.068359375
0 0.603515625 0.6298828125 0.06640625 0.056640625
0 0.03125 0.962890625 0.0625 0.07421875