0 0.0185546875 0.162109375 0.037109375 0.17578125
0 0.01171875 0.2861328125 0.0234375 0.068359375
0 0.01171875 0.373046875 0.0234375 0.125
0 0.91015625 0.0419921875 0.1796875 0.083984375
0 0.958984375 0.138671875 0.08203125 0.1875
0 0.7890625 0.251953125 0.10546875 0.08203125
0 0.9765625 0.314453125 0.046875 0.09375
0 0.9580078125 0.6787109375 0.083984375 0.201171875
0 0.7587890625 0.4775390625 0.083984375 0.076171875
0 0.81640625 0.5361328125 0.08984375 0.076171875
0 0.6357421875 0.30078125 0.142578125 0.12109375
0 0.1318359375 0.625 0.076171875 0.0859375
0 0.0859375 0.49609375 0.0390625 0.0390625
0 0.0087890625 0.5537109375 0.017578125 0.099609375
0 0.251953125 0.9169921875 0.1328125 0.111328125
0 0.91796875 0.8369140625 0.1640625 0.177734375