0 0.0185546875 0.0419921875 0.037109375 0.083984375
0 0.1826171875 0.0849609375 0.150390625 0.169921875
0 0.056640625 0.138671875 0.11328125 0.1875
0 0.0205078125 0.314453125 0.041015625 0.09375
0 0.2763671875 0.013671875 0.080078125 0.02734375
0 0.2744140625 0.1083984375 0.115234375 0.107421875
0 0.1279296875 0.3291015625 0.162109375 0.146484375
0 0.2529296875 0.2841796875 0.107421875 0.099609375
0 0.240234375 0.1904296875 0.12890625 0.099609375
0 0.14453125 0.2177734375 0.109375 0.083984375
0 0.2783203125 0.447265625 0.126953125 0.12890625
0 0.287109375 0.365234375 0.125 0.09375
0 0.376953125 0.2822265625 0.1484375 0.134765625
0 0.3916015625 0.123046875 0.123046875 0.1171875
0 0.494140625 0.1435546875 0.125 0.134765625
0 0.6025390625 0.2099609375 0.138671875 0.154296875
0 0.3984375 0.0185546875 0.1171875 0.037109375
0 0.501953125 0.0009765625 0.10546875 0.001953125
0 0.5478515625 0.03515625 0.123046875 0.0703125
0 0.6787109375 0.068359375 0.083984375 0.078125
0 0.830078125 0.12109375 0.06640625 0.0625
0 0.861328125 0.232421875 0.09375 0.0859375
0 0.435546875 0.6767578125 0.12109375 0.091796875
0 0.0703125 0.6787109375 0.140625 0.201171875
0 0.0517578125 0.8369140625 0.103515625 0.177734375
0 0.2333984375 1.0 0.060546875 0.0
0 0.9560546875 0.81640625 0.068359375 0.05859375
0 0.9443359375 0.93359375 0.111328125 0.1328125