0 0.1142578125 0.0615234375 0.044921875 0.037109375
0 0.2119140625 0.0185546875 0.087890625 0.037109375
0 0.1376953125 0.2060546875 0.130859375 0.111328125
0 0.8388671875 0.017578125 0.130859375 0.03515625
0 0.97265625 0.01953125 0.0546875 0.0390625
0 0.9921875 0.3154296875 0.015625 0.095703125
0 0.9482421875 0.5185546875 0.076171875 0.068359375
0 0.931640625 0.8505859375 0.13671875 0.134765625
0 0.9404296875 0.95703125 0.103515625 0.0859375
0 0.19140625 0.4345703125 0.1875 0.166015625
0 0.314453125 0.4775390625 0.046875 0.048828125
0 0.2646484375 0.6572265625 0.123046875 0.111328125
0 0.35546875 0.744140625 0.08984375 0.09765625
0 0.3916015625 0.876953125 0.072265625 0.07421875
0 0.0537109375 0.93359375 0.107421875 0.1328125
0 0.310546875 0.916015625 0.12109375 0.10546875
0 0.396484375 0.994140625 0.09765625 0.01171875