0 0.0263671875 0.01953125 0.052734375 0.0390625
0 0.0908203125 0.24609375 0.091796875 0.1015625
0 0.0341796875 0.3154296875 0.068359375 0.095703125
0 0.08203125 0.35546875 0.1171875 0.1171875
0 0.1591796875 0.4541015625 0.033203125 0.041015625
0 0.3193359375 0.30859375 0.060546875 0.0703125
0 0.3720703125 0.337890625 0.056640625 0.07421875
0 0.462890625 0.2763671875 0.19921875 0.142578125
0 0.5791015625 0.0341796875 0.099609375 0.068359375
0 0.615234375 0.208984375 0.09765625 0.09765625
0 0.7001953125 0.2099609375 0.080078125 0.095703125
0 0.76171875 0.1796875 0.08984375 0.10546875
0 0.7783203125 0.2529296875 0.083984375 0.095703125
0 0.84765625 0.0361328125 0.10546875 0.072265625
0 0.9697265625 0.5400390625 0.060546875 0.095703125
0 0.802734375 0.572265625 0.15625 0.15625
0 0.7568359375 0.689453125 0.068359375 0.05859375
0 0.001953125 0.8505859375 0.00390625 0.134765625
0 0.8935546875 0.9609375 0.162109375 0.078125