0 0.3291015625 0.0849609375 0.166015625 0.169921875
0 0.388671875 0.318359375 0.203125 0.19921875
0 0.5283203125 0.15625 0.091796875 0.1171875
0 0.61328125 0.0908203125 0.09375 0.091796875
0 0.7138671875 0.08984375 0.072265625 0.0703125
0 0.728515625 0.1396484375 0.08984375 0.072265625
0 0.615234375 0.1884765625 0.09765625 0.099609375
0 0.591796875 0.2509765625 0.12109375 0.076171875
0 0.6015625 0.310546875 0.1015625 0.07421875
0 0.771484375 0.244140625 0.09765625 0.09765625
0 0.85546875 0.19921875 0.1171875 0.1015625
0 0.66015625 0.369140625 0.16796875 0.1015625
0 0.8134765625 0.373046875 0.146484375 0.13671875
0 0.708984375 0.2021484375 0.08984375 0.087890625
0 0.9501953125 0.1611328125 0.099609375 0.087890625
0 0.5849609375 0.568359375 0.169921875 0.21484375
0 0.9697265625 0.5751953125 0.060546875 0.048828125
0 0.8359375 0.6162109375 0.05859375 0.041015625
0 0.6328125 0.802734375 0.109375 0.109375
0 0.22265625 0.794921875 0.1171875 0.109375
0 0.1318359375 0.94921875 0.119140625 0.1015625
0 0.0341796875 0.39453125 0.068359375 0.08984375
0 0.052734375 0.529296875 0.10546875 0.1015625