0 0.2431640625 0.1201171875 0.107421875 0.099609375
0 0.2666015625 0.056640625 0.044921875 0.0390625
0 0.140625 0.4677734375 0.08984375 0.060546875
0 0.0361328125 0.609375 0.072265625 0.1328125
0 0.1435546875 0.56640625 0.138671875 0.11328125
0 0.7099609375 0.1416015625 0.126953125 0.126953125
0 0.8818359375 0.583984375 0.048828125 0.05859375
0 0.5986328125 0.662109375 0.048828125 0.0546875
0 0.638671875 0.7900390625 0.0703125 0.056640625
0 0.9248046875 0.8251953125 0.150390625 0.212890625
0 0.9150390625 0.6943359375 0.056640625 0.056640625
0 0.78125 0.9365234375 0.33203125 0.126953125
0 0.8125 0.9921875 0.359375 0.015625
0 0.29296875 0.5986328125 0.09765625 0.134765625
0 0.12109375 0.76171875 0.1796875 0.18359375