0 0.4619140625 0.16015625 0.041015625 0.0390625
0 0.4326171875 0.2177734375 0.064453125 0.068359375
0 0.6884765625 0.19140625 0.060546875 0.08203125
0 0.98046875 0.0107421875 0.0390625 0.021484375
0 0.73828125 0.3828125 0.125 0.12109375
0 0.302734375 0.3447265625 0.046875 0.052734375
0 0.3505859375 0.4013671875 0.048828125 0.052734375
0 0.486328125 0.4091796875 0.1875 0.248046875
0 0.779296875 0.6943359375 0.13671875 0.126953125
0 0.9228515625 0.6787109375 0.154296875 0.123046875
0 0.9384765625 0.7880859375 0.123046875 0.126953125
0 0.5302734375 0.775390625 0.056640625 0.0546875
0 0.8486328125 0.876953125 0.158203125 0.15234375
0 0.958984375 0.8974609375 0.08203125 0.205078125
0 0.0380859375 0.6767578125 0.041015625 0.041015625
0 0.0166015625 0.724609375 0.033203125 0.09765625