0 0.03125 0.0107421875 0.0625 0.021484375
0 0.3642578125 0.244140625 0.103515625 0.0703125
0 0.3076171875 0.3076171875 0.115234375 0.107421875
0 0.5625 0.337890625 0.33984375 0.32421875
0 0.7705078125 0.208984375 0.076171875 0.0703125
0 0.8720703125 0.1015625 0.052734375 0.03125
0 0.6279296875 0.6279296875 0.107421875 0.072265625
0 0.7587890625 0.62890625 0.126953125 0.1171875
0 0.947265625 0.6650390625 0.10546875 0.087890625
0 0.8154296875 0.748046875 0.095703125 0.10546875
0 0.734375 0.7822265625 0.046875 0.056640625
0 0.3564453125 0.6103515625 0.115234375 0.107421875
0 0.2353515625 0.703125 0.037109375 0.0390625
0 0.013671875 0.6787109375 0.02734375 0.123046875
0 0.0078125 0.7880859375 0.015625 0.126953125
0 0.0732421875 0.8974609375 0.146484375 0.205078125
0 0.6328125 0.9404296875 0.19140625 0.119140625
0 0.6943359375 0.8544921875 0.048828125 0.048828125