0 0.1044921875 0.15625 0.123046875 0.1015625
0 0.4208984375 0.1640625 0.076171875 0.078125
0 0.6904296875 0.162109375 0.283203125 0.265625
0 0.9814453125 0.5419921875 0.037109375 0.287109375
0 0.927734375 0.4541015625 0.046875 0.044921875
0 0.533203125 0.583984375 0.07421875 0.078125
0 0.6416015625 0.4228515625 0.154296875 0.111328125
0 0.6796875 0.66796875 0.265625 0.2578125
0 0.3759765625 0.458984375 0.044921875 0.0390625
0 0.421875 0.5908203125 0.15625 0.173828125
0 0.34765625 0.6357421875 0.1015625 0.087890625
0 0.005859375 0.6650390625 0.01171875 0.087890625
0 0.3671875 0.9248046875 0.171875 0.150390625
0 0.5986328125 0.931640625 0.052734375 0.0546875
0 0.7080078125 0.939453125 0.068359375 0.07421875