0 0.2333984375 0.03515625 0.060546875 0.0703125
0 0.9443359375 0.041015625 0.111328125 0.08203125
0 0.994140625 0.3271484375 0.01171875 0.162109375
0 0.9775390625 0.34765625 0.033203125 0.0390625
0 0.125 0.5419921875 0.25 0.287109375
0 0.3701171875 0.6162109375 0.287109375 0.189453125
0 0.4287109375 0.7587890625 0.220703125 0.189453125
0 0.2451171875 0.66015625 0.130859375 0.15625
0 0.119140625 0.7265625 0.11328125 0.1328125
0 0.1787109375 0.8193359375 0.095703125 0.091796875
0 0.2646484375 0.896484375 0.076171875 0.06640625
0 0.3837890625 0.8486328125 0.083984375 0.091796875
0 0.5078125 0.8623046875 0.12890625 0.095703125
0 0.486328125 0.9287109375 0.1171875 0.083984375
0 0.99609375 0.9384765625 0.0078125 0.123046875