0 0.9404296875 0.0087890625 0.103515625 0.017578125
0 0.0537109375 0.041015625 0.107421875 0.08203125
0 0.3017578125 0.02734375 0.052734375 0.05078125
0 0.396484375 0.041015625 0.09765625 0.08203125
0 0.2783203125 0.1865234375 0.205078125 0.208984375
0 0.4306640625 0.146484375 0.166015625 0.15625
0 0.0615234375 0.3271484375 0.123046875 0.162109375
0 0.9130859375 0.162109375 0.111328125 0.13671875
0 0.8466796875 0.271484375 0.103515625 0.12109375
0 0.9619140625 0.259765625 0.076171875 0.08984375
0 0.552734375 0.6943359375 0.1484375 0.189453125
0 0.1005859375 0.5439453125 0.072265625 0.060546875
0 0.1181640625 0.6318359375 0.072265625 0.072265625
0 0.080078125 0.9384765625 0.16015625 0.123046875
0 0.1728515625 0.88671875 0.048828125 0.046875
0 0.453125 0.9970703125 0.1640625 0.005859375
0 0.4267578125 0.9091796875 0.177734375 0.181640625
0 0.59765625 0.8828125 0.1640625 0.18359375
0 0.6337890625 0.984375 0.150390625 0.03125
0 0.7548828125 0.888671875 0.060546875 0.03515625
0 0.8232421875 0.8720703125 0.056640625 0.037109375
0 0.6142578125 0.431640625 0.048828125 0.03515625