0 0.0244140625 0.259765625 0.048828125 0.08984375
0 0.2216796875 0.173828125 0.138671875 0.12890625
0 0.7421875 0.0986328125 0.0390625 0.044921875
0 0.705078125 0.2041015625 0.03125 0.037109375
0 0.8935546875 0.033203125 0.162109375 0.06640625
0 0.9912109375 0.1171875 0.017578125 0.06640625
0 0.853515625 0.48046875 0.046875 0.0546875
0 0.9033203125 0.541015625 0.044921875 0.03515625
0 0.47265625 0.4560546875 0.08984375 0.083984375
0 0.46484375 0.53125 0.09765625 0.046875
0 0.341796875 0.5546875 0.13671875 0.16015625
0 0.353515625 0.66796875 0.09765625 0.0546875
0 0.4091796875 0.6064453125 0.052734375 0.056640625
0 0.298828125 0.46875 0.07421875 0.05859375
0 0.2216796875 0.5 0.076171875 0.078125
0 0.1240234375 0.9697265625 0.048828125 0.060546875