0 0.1826171875 0.04296875 0.162109375 0.0859375
0 0.0009765625 0.087890625 0.001953125 0.046875
0 0.9267578125 0.373046875 0.119140625 0.12890625
0 0.7880859375 0.4765625 0.126953125 0.125
0 0.4306640625 0.517578125 0.154296875 0.1328125
0 0.486328125 0.6337890625 0.11328125 0.119140625
0 0.5048828125 0.7939453125 0.091796875 0.115234375
0 0.0771484375 0.59765625 0.052734375 0.046875
0 0.05078125 0.84765625 0.1015625 0.109375
0 0.125 0.8681640625 0.1171875 0.103515625
0 0.4091796875 0.90625 0.037109375 0.046875