0 0.1318359375 0.0244140625 0.119140625 0.048828125
0 0.279296875 0.0556640625 0.05859375 0.060546875
0 0.583984375 0.1298828125 0.171875 0.138671875
0 0.3076171875 0.1796875 0.044921875 0.04296875
0 0.59765625 0.251953125 0.17578125 0.1328125
0 0.634765625 0.373046875 0.18359375 0.1875
0 0.962890625 0.248046875 0.07421875 0.08203125
0 0.697265625 0.7705078125 0.0546875 0.044921875
0 0.6650390625 0.595703125 0.037109375 0.04296875
0 0.9560546875 0.962890625 0.087890625 0.07421875
0 0.3603515625 0.431640625 0.228515625 0.20703125
0 0.373046875 0.560546875 0.171875 0.109375
0 0.3828125 0.6962890625 0.1796875 0.185546875
0 0.443359375 0.876953125 0.29296875 0.24609375