0 0.0732421875 0.0361328125 0.146484375 0.072265625
0 0.14453125 0.236328125 0.078125 0.09375
0 0.203125 0.369140625 0.0625 0.04296875
0 0.48046875 0.4521484375 0.1171875 0.091796875
0 0.5439453125 0.439453125 0.130859375 0.11328125
0 0.4931640625 0.087890625 0.064453125 0.0703125
0 0.6328125 0.005859375 0.19140625 0.01171875
0 0.7431640625 0.0400390625 0.076171875 0.072265625
0 0.6142578125 0.125 0.123046875 0.109375
0 0.71484375 0.2275390625 0.1796875 0.181640625
0 0.869140625 0.1962890625 0.08984375 0.080078125
0 0.861328125 0.2919921875 0.125 0.111328125
0 0.9482421875 0.216796875 0.068359375 0.0625
0 0.970703125 0.4794921875 0.05859375 0.205078125
0 0.9033203125 0.3837890625 0.064453125 0.072265625
0 0.8818359375 0.7353515625 0.169921875 0.173828125
0 0.9716796875 0.9248046875 0.056640625 0.150390625
0 0.83984375 0.857421875 0.11328125 0.1171875
0 0.3701171875 0.5537109375 0.142578125 0.142578125
0 0.375 0.66015625 0.06640625 0.0625