0 0.06640625 0.2294921875 0.06640625 0.048828125
0 0.3671875 0.017578125 0.171875 0.03515625
0 1.0 0.119140625 0.0 0.08203125
0 0.728515625 0.318359375 0.12890625 0.12890625
0 0.62109375 0.4326171875 0.11328125 0.134765625
0 0.642578125 0.533203125 0.078125 0.08203125
0 0.880859375 0.79296875 0.19921875 0.25390625
0 0.673828125 0.806640625 0.25390625 0.30078125
0 0.466796875 0.845703125 0.28515625 0.30859375
0 0.3876953125 0.5693359375 0.029296875 0.029296875
0 0.0751953125 0.4794921875 0.150390625 0.205078125
0 0.19921875 0.8974609375 0.125 0.103515625
0 0.04296875 0.9248046875 0.0859375 0.150390625
0 0.5458984375 0.9765625 0.197265625 0.046875