0 0.0341796875 0.119140625 0.068359375 0.08203125
0 0.318359375 0.2509765625 0.0703125 0.076171875
0 0.376953125 0.3056640625 0.078125 0.076171875
0 0.6240234375 0.27734375 0.080078125 0.07421875
0 0.498046875 0.439453125 0.078125 0.0703125
0 0.6181640625 0.5263671875 0.119140625 0.119140625
0 0.751953125 0.3056640625 0.08984375 0.099609375
0 0.80078125 0.431640625 0.10546875 0.1015625
0 0.99609375 0.025390625 0.0078125 0.05078125
0 0.59375 0.892578125 0.078125 0.07421875
0 0.478515625 0.9580078125 0.09765625 0.083984375
0 0.41796875 0.7109375 0.1171875 0.07421875
0 0.3466796875 0.736328125 0.111328125 0.09375