0 0.080078125 0.025390625 0.16015625 0.05078125
0 0.2373046875 0.2412109375 0.103515625 0.099609375
0 0.453125 0.1025390625 0.1640625 0.205078125
0 0.4267578125 0.01171875 0.177734375 0.0234375
0 0.6337890625 0.056640625 0.150390625 0.11328125
0 0.6142578125 0.5 0.099609375 0.12890625
0 0.6435546875 0.63671875 0.060546875 0.0625
0 0.6826171875 0.7880859375 0.060546875 0.076171875
0 0.1796875 0.4453125 0.04296875 0.03515625
0 0.1416015625 0.814453125 0.060546875 0.0625
0 0.3935546875 0.9375 0.056640625 0.0546875