0 0.1240234375 0.009765625 0.048828125 0.01953125
0 0.37109375 0.076171875 0.10546875 0.12109375
0 0.3095703125 0.216796875 0.103515625 0.08203125
0 0.2392578125 0.296875 0.064453125 0.0625
0 0.3271484375 0.451171875 0.123046875 0.109375
0 0.2294921875 0.47265625 0.060546875 0.0625
0 0.349609375 0.296875 0.1015625 0.1171875
0 0.4365234375 0.232421875 0.142578125 0.1328125
0 0.4658203125 0.296875 0.111328125 0.09765625
0 0.4326171875 0.40234375 0.103515625 0.09375
0 0.49609375 0.353515625 0.05078125 0.06640625
0 0.6455078125 0.2802734375 0.064453125 0.052734375
0 0.701171875 0.119140625 0.0625 0.0625
0 0.53125 0.5078125 0.0859375 0.08984375
0 0.37890625 0.6357421875 0.09765625 0.115234375
0 0.2109375 0.57421875 0.078125 0.078125
0 0.974609375 0.4130859375 0.05078125 0.052734375
0 0.982421875 0.6611328125 0.03515625 0.083984375
0 0.875 0.7041015625 0.05859375 0.056640625
0 0.919921875 0.7421875 0.05859375 0.07421875
0 0.7568359375 0.779296875 0.119140625 0.078125
0 0.748046875 0.9140625 0.09765625 0.08984375
0 0.4375 0.96875 0.04296875 0.0625