0 0.0009765625 0.4130859375 0.001953125 0.052734375
0 0.1640625 0.3857421875 0.15625 0.146484375
0 0.0234375 0.5234375 0.03515625 0.0546875
0 0.0224609375 0.6611328125 0.044921875 0.083984375
0 0.2314453125 0.5791015625 0.076171875 0.107421875
0 0.1279296875 0.7763671875 0.052734375 0.056640625
0 0.63671875 0.27734375 0.04296875 0.05078125
0 0.8828125 0.0576171875 0.0859375 0.107421875
0 0.9736328125 0.5986328125 0.052734375 0.083984375
0 0.9912109375 0.7802734375 0.017578125 0.087890625
0 0.4833984375 0.64453125 0.033203125 0.03515625
0 0.8896484375 0.6103515625 0.033203125 0.029296875
0 0.474609375 0.6953125 0.0390625 0.0390625
0 0.5703125 0.8671875 0.16015625 0.1640625
0 0.462890625 0.8896484375 0.1171875 0.099609375
0 0.43359375 0.640625 0.02734375 0.02734375
0 0.216796875 0.947265625 0.25390625 0.10546875
0 0.9951171875 0.9638671875 0.009765625 0.072265625