0 0.7509765625 0.0595703125 0.056640625 0.076171875
0 0.880859375 0.337890625 0.15625 0.1640625
0 0.970703125 0.5908203125 0.05859375 0.064453125
0 0.712890625 0.4013671875 0.07421875 0.076171875
0 0.013671875 0.908203125 0.02734375 0.18359375
0 0.1044921875 0.8115234375 0.095703125 0.095703125
0 0.44140625 0.9443359375 0.26171875 0.111328125
0 0.666015625 0.99609375 0.10546875 0.0078125
0 0.6787109375 0.9404296875 0.177734375 0.119140625
0 0.869140625 0.9697265625 0.10546875 0.060546875
0 0.970703125 0.9404296875 0.05859375 0.107421875