0 0.9560546875 0.0234375 0.087890625 0.046875
0 0.443359375 0.01171875 0.29296875 0.0234375
0 0.4833984375 0.0478515625 0.087890625 0.068359375
0 0.78515625 0.2626953125 0.328125 0.322265625
0 0.4853515625 0.2021484375 0.076171875 0.076171875
0 0.5517578125 0.4736328125 0.048828125 0.044921875
0 0.3056640625 0.4521484375 0.134765625 0.091796875
0 0.3310546875 0.5576171875 0.115234375 0.103515625
0 0.0146484375 0.5908203125 0.029296875 0.064453125
0 0.0615234375 0.5859375 0.087890625 0.1015625
0 0.0361328125 0.9404296875 0.072265625 0.107421875
0 0.21875 0.912109375 0.0625 0.05078125
0 0.41015625 0.8564453125 0.11328125 0.095703125